STATIONS_ID;MESS_DATUM;QN_3;  FX;  FM;QN_4; RSK;RSKF; SDK;SHK_TAG;  NM; VPM;  PM; TMK; UPM; TXK; TNK; TGK;eor
        433;20171231;   10;  14.4;   4.4;    3;   1.4;   4;    0.000;-999;  -999;   9.7;  995.79;    9.5;   80.75;   12.3;    6.2;    2.6;eor
        433;20180101;   10;  15.9;   4.7;    3;   3.8;   4;    2.117;-999;  -999;   7.5;  995.04;    8.5;   67.00;   12.0;    4.1;   -0.5;eor
        433;20180102;   10;   8.5;   3.3;    3;   1.8;   4;    0.000;-999;  -999;   7.6;  999.92;    4.6;   89.29;    6.1;    2.5;    0.0;eor
        433;20180103;   10;  17.2;   5.8;    3;  17.9;   4;    1.267;-999;  -999;   7.6;  984.67;    5.1;   86.21;    7.7;    2.1;    0.0;eor
        433;20180104;   10;  17.2;   5.4;    3;   1.7;   4;    0.017;-999;  -999;   8.1;  986.90;    6.8;   81.63;    7.9;    5.8;    4.3;eor
        433;20180105;   10;  14.8;   4.5;    3;   0.1;   4;    0.033;-999;  -999;   7.7;  990.02;    7.1;   76.17;    9.6;    4.2;   -2.2;eor
        433;20180106;   10;   9.5;   2.4;    3;   0.0;   0;    1.067;-999;  -999;   7.5; 1002.84;    5.3;   84.67;    7.1;    3.4;   -1.8;eor
        433;20180107;   10;   9.7;   5.1;    3;   0.0;   0;    0.000;-999;  -999;   5.3; 1022.16;    1.2;   78.38;    4.1;   -2.2;   -5.0;eor
        433;20180108;   10;   9.7;   4.9;    3;   0.0;   0;    6.183;-999;  -999;   3.7; 1027.38;   -1.8;   70.42;    1.7;   -5.0;   -8.0;eor
        433;20180109;   10;  11.8;   5.1;    3;   0.3;   4;    2.717;-999;  -999;   4.0; 1014.42;    1.9;   55.46;    5.2;   -2.5;   -4.7;eor
        433;20180110;   10;   5.7;   2.0;    3;   0.2;   4;    0.000;-999;  -999;   7.0; 1007.57;    2.4;   96.71;    3.8;    1.4;    0.2;eor
        433;20180111;   10;   4.6;   1.5;    3;   5.0;   4;    0.000;-999;  -999;   7.1; 1011.33;    2.7;   96.58;    3.8;    1.5;    0.6;eor
        433;20180112;   10;   8.7;   4.0;    3;   0.0;   4;    0.000;-999;  -999;   6.5; 1022.23;    1.6;   94.29;    2.1;    0.8;    0.5;eor
        433;20180113;   10;  11.1;   5.2;    3;   0.0;   4;    0.350;-999;  -999;   4.7; 1026.03;    0.3;   75.33;    0.8;   -0.3;   -0.6;eor
        433;20180114;   10;   9.1;   4.2;    3;   0.0;   0;    2.317;-999;  -999;   4.1; 1023.35;   -1.7;   74.96;    0.2;   -3.1;   -5.2;eor
        433;20180115;   10;  11.6;   5.2;    3;   4.7;   4;    5.217;-999;  -999;   4.5; 1009.39;    0.3;   71.88;    3.5;   -2.6;   -4.1;eor
        433;20180116;   10;  11.5;   4.6;    3;   1.9;   4;    0.967;-999;  -999;   6.7;  985.64;    2.9;   88.04;    6.0;    0.5;   -0.2;eor
        433;20180117;   10;  10.7;   4.2;    3;   3.0;   4;    0.000;-999;  -999;   5.9;  988.93;    1.5;   86.17;    2.5;    0.4;   -1.7;eor
        433;20180118;   10;  21.5;   6.7;    3;   7.3;   4;    0.000;-999;  -999;   6.3;  987.72;    2.6;   85.67;    5.8;    0.6;   -0.1;eor
        433;20180119;   10;   9.8;   3.3;    3;   1.5;   4;    0.000;-999;  -999;   6.4;  999.21;    2.6;   87.21;    3.7;    1.4;   -0.5;eor
        433;20180120;   10;   5.6;   2.5;    3;   0.1;   4;    0.183;-999;  -999;   6.0; 1000.24;    1.3;   89.38;    3.0;   -1.6;   -5.3;eor
        433;20180121;   10;   6.0;   1.9;    3;   0.0;   0;    0.000;-999;  -999;   5.7; 1006.82;    0.3;   91.29;    1.3;   -1.9;   -5.2;eor
        433;20180122;   10;  10.1;   4.2;    3;   0.0;   4;    0.133;-999;  -999;   5.1; 1006.78;    0.4;   80.79;    1.8;   -0.3;   -1.6;eor
        433;20180123;   10;   8.1;   2.1;    3;   1.0;   4;    0.000;-999;  -999;   6.5; 1014.55;    2.2;   90.50;    6.0;   -0.1;   -0.5;eor
        433;20180124;   10;  11.7;   4.6;    3;   0.2;   4;    2.450;-999;  -999;   9.4; 1010.66;    8.7;   83.96;   11.1;    5.1;    4.5;eor
        433;20180125;   10;   8.8;   2.9;    3;  10.2;   4;    0.000;-999;  -999;   9.8; 1007.50;    9.1;   84.79;   10.4;    7.5;    6.7;eor
        433;20180126;   10;   5.2;   2.1;    3;   0.7;   4;    0.000;-999;  -999;   9.4; 1011.84;    6.8;   94.50;    7.5;    5.3;    5.1;eor
        433;20180127;   10;   9.5;   2.8;    3;   0.0;   4;    0.467;-999;  -999;   7.9; 1023.10;    5.8;   85.33;    7.3;    4.5;    3.1;eor
        433;20180128;   10;  13.2;   5.9;    3;   1.8;   4;    0.050;-999;  -999;   8.7; 1017.70;    7.6;   82.54;    9.7;    5.9;    4.9;eor
        433;20180129;   10;  17.7;   7.3;    3;   3.4;   4;    0.000;-999;  -999;   9.9; 1012.49;    9.6;   82.83;   11.2;    5.3;    3.6;eor
        433;20180130;   10;  14.8;   5.8;    3;   0.0;   0;    0.000;-999;  -999;   6.4; 1017.52;    4.9;   74.42;    6.3;    2.3;   -0.2;eor
        433;20180131;   10;  12.7;   4.0;    3;   6.8;   4;    0.000;-999;  -999;   7.6; 1001.98;    5.3;   84.04;    9.3;    0.3;   -2.2;eor
        433;20180201;   10;   8.7;   3.5;    3;   0.0;   0;    4.983;-999;  -999;   6.1;  994.22;    4.2;   74.21;    6.8;    1.6;   -2.5;eor
        433;20180202;   10;  10.4;   3.6;    3;   0.7;   4;    1.850;-999;  -999;   5.8;  997.01;    2.5;   78.92;    5.2;   -0.1;   -2.7;eor
        433;20180203;   10;   7.9;   3.3;    3;   0.1;   4;    0.000;-999;  -999;   5.9;  998.98;    1.2;   87.38;    3.0;   -1.1;   -2.6;eor
        433;20180204;   10;   7.1;   3.0;    3;   0.1;   4;    6.333;-999;  -999;   4.8; 1012.28;   -0.2;   79.54;    3.6;   -3.5;   -7.9;eor
        433;20180205;   10;   7.1;   3.2;    3;   0.0;   4;    5.267;-999;  -999;   4.2; 1022.39;   -1.0;   75.04;    2.1;   -5.1;  -10.5;eor
        433;20180206;   10;   7.0;   2.1;    3;   0.0;   0;    8.083;-999;  -999;   3.2; 1013.89;   -3.0;   67.58;    0.7;   -7.3;  -12.4;eor
        433;20180207;   10;   5.9;   3.0;    3;   0.0;   0;    5.100;-999;  -999;   3.7; 1010.94;   -1.9;   70.04;    2.1;   -4.8;  -11.1;eor
        433;20180208;   10;   4.8;   1.3;    3;   0.0;   0;    8.000;-999;  -999;   3.4; 1014.66;   -2.7;   68.79;    2.8;   -6.7;  -13.3;eor
        433;20180209;   10;   6.0;   1.9;    3;   0.0;   4;    4.350;-999;  -999;   3.9; 1012.26;   -2.2;   75.46;    2.0;   -7.2;  -12.6;eor
        433;20180210;   10;   7.4;   2.5;    3;   0.0;   4;    0.500;-999;  -999;   4.9; 1010.03;    0.3;   77.88;    3.0;   -1.5;   -2.2;eor
        433;20180211;   10;  12.3;   3.6;    3;   1.0;   4;    0.783;-999;  -999;   5.7;  998.95;    1.9;   82.00;    4.5;    0.2;   -1.3;eor
        433;20180212;   10;  11.8;   3.6;    3;   0.0;   4;    2.067;-999;  -999;   5.5; 1003.65;    2.0;   78.13;    5.5;   -1.1;   -4.1;eor
        433;20180213;   10;   6.5;   2.3;    3;   0.0;   0;    6.233;-999;  -999;   4.8; 1010.53;    0.9;   74.33;    5.5;   -2.8;   -9.1;eor
        433;20180214;   10;   6.3;   2.1;    3;   0.0;   4;    6.733;-999;  -999;   4.6; 1015.22;   -1.0;   81.50;    4.7;   -5.1;  -11.4;eor
        433;20180215;   10;  10.9;   4.2;    3;   0.1;   4;    2.750;-999;  -999;   4.7; 1013.80;   -0.2;   79.25;    2.9;   -3.3;   -3.4;eor
        433;20180216;   10;  11.7;   4.1;    3;   0.0;   0;    6.183;-999;  -999;   6.0; 1016.05;    3.6;   76.13;    7.7;    0.8;   -2.7;eor
        433;20180217;   10;   6.0;   2.1;    3;   0.0;   0;    0.000;-999;  -999;   5.9; 1019.15;    2.7;   79.79;    5.0;    0.0;   -5.2;eor
        433;20180218;   10;   5.3;   1.9;    3;   0.0;   0;    0.000;-999;  -999;   5.1; 1022.48;    2.5;   69.38;    3.8;    1.2;   -0.9;eor
        433;20180219;   10;   6.0;   2.6;    3;   0.0;   0;    3.267;-999;  -999;   4.7; 1016.19;    1.7;   67.67;    5.2;   -0.9;   -3.4;eor
        433;20180220;   10;   8.7;   4.0;    3;   0.0;   0;    8.250;-999;  -999;   4.2; 1014.78;    0.0;   69.83;    3.8;   -2.3;   -6.9;eor
        433;20180221;   10;   8.0;   3.4;    3;   0.0;   0;    6.333;-999;  -999;   4.2; 1019.50;   -0.1;   70.38;    4.2;   -4.1;   -9.7;eor
        433;20180222;   10;   6.3;   3.0;    3;   0.0;   0;    5.567;-999;  -999;   4.1; 1019.97;   -0.1;   69.63;    3.4;   -4.0;  -10.0;eor
        433;20180223;   10;   8.6;   4.0;    3;   0.0;   4;    9.183;-999;  -999;   2.9; 1020.75;   -3.3;   61.21;   -0.1;   -6.1;  -10.2;eor
        433;20180224;   10;  14.3;   5.4;    3;   0.0;   0;    9.083;-999;  -999;   2.9; 1024.30;   -2.6;   58.88;    0.5;   -6.7;  -12.5;eor
        433;20180225;   10;   7.5;   3.1;    3;   0.2;   4;    8.633;-999;  -999;   2.6; 1026.02;   -5.2;   63.00;   -1.3;   -9.4;  -14.9;eor
        433;20180226;   10;  11.7;   4.5;    3;   0.0;   4;    6.600;-999;  -999;   2.4; 1022.66;   -6.0;   62.79;   -2.4;   -9.9;  -16.2;eor
        433;20180227;   10;  11.4;   3.2;    3;   0.0;   4;    5.967;-999;  -999;   1.9; 1018.04;   -7.6;   55.92;   -2.8;  -11.9;  -18.4;eor
        433;20180228;   10;  11.9;   5.3;    3;   0.0;   4;    7.733;-999;  -999;   1.8; 1021.41;   -8.8;   59.33;   -5.8;  -11.8;  -14.2;eor
        433;20180301;   10;  10.6;   5.5;    3;   0.0;   0;    9.700;-999;  -999;   1.9; 1013.93;   -8.8;   62.04;   -4.8;  -11.9;  -13.7;eor
        433;20180302;   10;   9.9;   5.3;    3;   0.0;   0;    9.483;-999;  -999;   1.9; 1002.10;   -8.3;   59.42;   -3.5;  -12.8;  -15.1;eor
        433;20180303;   10;   9.5;   4.3;    3;   0.0;   0;    9.550;-999;  -999;   2.2; 1000.72;   -7.1;   61.00;   -2.1;  -12.0;  -14.4;eor
        433;20180304;   10;   9.3;   4.2;    3;   0.1;   4;    9.317;-999;  -999;   2.5;  998.82;   -2.6;   51.71;    4.2;   -9.1;  -11.4;eor
        433;20180305;   10;   6.8;   2.9;    3;   0.0;   0;    2.950;-999;  -999;   4.7;  993.27;    2.8;   61.50;    9.8;   -2.6;   -7.4;eor
        433;20180306;   10;   7.0;   2.9;    3;   6.8;   4;    0.383;-999;  -999;   5.3;  989.21;    1.1;   80.33;    5.8;   -2.9;   -7.8;eor
        433;20180307;   10;   7.6;   2.6;    3;   2.2;   4;    0.000;-999;  -999;   6.4;  988.24;    1.6;   92.83;    2.4;    0.5;   -0.1;eor
        433;20180308;   10;  10.1;   3.0;    3;   6.1;   4;    2.850;-999;  -999;   6.8;  995.13;    4.7;   80.29;    9.5;    1.5;   -0.3;eor
        433;20180309;   10;  13.1;   4.3;    3;   0.1;   4;    2.267;-999;  -999;   6.5;  999.76;    5.2;   74.75;    9.3;    0.7;   -5.7;eor
        433;20180310;   10;   5.5;   2.2;    3;   1.5;   4;    0.000;-999;  -999;   8.1;  999.35;    5.2;   89.75;    9.4;   -0.7;   -5.2;eor
        433;20180311;   10;   7.8;   2.6;    3;   0.0;   0;    8.333;-999;  -999;   9.9;  993.92;   10.8;   76.88;   16.6;    5.2;   -0.6;eor
        433;20180312;   10;   9.8;   2.6;    3;   9.8;   4;    0.000;-999;  -999;  10.1;  986.18;    8.6;   89.08;   10.1;    6.2;    1.4;eor
        433;20180313;   10;  10.2;   4.6;    3;   2.1;   4;    0.417;-999;  -999;   9.6;  992.97;    9.2;   83.00;   11.7;    4.3;    3.7;eor
        433;20180314;   10;   9.0;   4.1;    3;   0.5;   4;    0.000;-999;  -999;   7.0; 1004.88;    4.0;   86.13;    5.1;    2.5;    1.7;eor
        433;20180315;   10;  12.3;   5.6;    3;   0.0;   0;    0.000;-999;  -999;   6.2; 1003.89;    2.9;   81.58;    4.7;    1.6;    1.2;eor
        433;20180316;   10;  15.0;   8.0;    3;   0.2;   4;    0.000;-999;  -999;   4.3; 1003.16;   -0.2;   70.71;    1.7;   -2.8;   -3.3;eor
        433;20180317;   10;  17.1;   9.0;    3;   0.0;   0;    4.133;-999;  -999;   2.4; 1008.96;   -3.2;   49.71;   -0.5;   -5.4;   -5.7;eor
        433;20180318;   10;  17.6;   8.2;    3;   0.0;   0;   10.933;-999;  -999;   2.0; 1011.94;   -2.5;   39.42;    1.3;   -5.9;   -7.6;eor
        433;20180319;   10;  10.2;   4.0;    3;   0.0;   0;   11.017;-999;  -999;   2.4; 1009.67;   -1.4;   43.79;    3.7;   -6.3;  -11.6;eor
        433;20180320;   10;  13.8;   3.7;    3;   1.4;   4;    0.583;-999;  -999;   4.2; 1010.05;   -1.3;   73.67;    2.6;   -5.8;  -11.9;eor
        433;20180321;   10;  10.0;   3.1;    3;   0.0;   4;    8.700;-999;  -999;   4.3; 1019.24;    1.7;   64.33;    6.8;   -3.9;  -10.8;eor
        433;20180322;   10;  10.3;   3.8;    3;   3.3;   4;    0.000;-999;  -999;   6.4; 1006.69;    2.4;   87.71;    4.3;    0.5;   -0.2;eor
        433;20180323;   10;   7.2;   2.5;    3;   0.0;   4;    0.000;-999;  -999;   6.5; 1001.72;    2.8;   86.92;    4.2;    1.8;    0.8;eor
        433;20180324;   10;   6.5;   2.4;    3;   0.0;   0;    2.900;-999;  -999;   5.6; 1000.58;    3.4;   71.96;    7.6;    0.5;   -6.0;eor
        433;20180325;   10;   5.5;   1.7;    3;   0.0;   0;    9.750;-999;  -999;   5.7; 1002.30;    5.4;   66.58;   11.7;   -2.5;   -7.6;eor
        433;20180326;   10;   8.4;   3.3;    3;   0.0;   4;    1.850;-999;  -999;   6.7; 1006.95;    5.8;   72.92;    8.8;    2.7;    1.0;eor
        433;20180327;   10;   6.8;   2.5;    3;   0.0;   4;    4.083;-999;  -999;   5.4; 1008.97;    4.1;   67.54;    7.9;    0.6;   -4.4;eor
        433;20180328;   10;  11.1;   4.9;    3;   8.1;   4;    0.000;-999;  -999;   6.0; 1000.18;    1.4;   88.71;    2.3;    0.7;   -0.6;eor
        433;20180329;   10;  14.9;   4.9;    3;   0.7;   4;    0.450;-999;  -999;   6.9;  996.70;    5.2;   78.29;    8.9;    2.3;   -0.5;eor
        433;20180330;   10;  10.1;   3.4;    3;   0.0;   0;    9.017;-999;  -999;   6.2; 1002.05;    5.3;   70.63;   11.6;   -0.4;   -5.1;eor
        433;20180331;   10;  11.1;   4.6;    3;   3.0;   4;    0.000;-999;  -999;   6.7;  993.73;    3.4;   85.00;    5.6;    1.1;   -0.5;eor
        433;20180401;   10;  13.2;   6.9;    3;   2.5;   4;    0.000;-999;  -999;   6.3;  996.64;    1.6;   92.50;    2.6;    0.9;   -0.2;eor
        433;20180402;   10;  10.6;   4.2;    3;   1.3;   4;    8.250;-999;  -999;   5.7; 1003.87;    5.2;   66.46;   10.1;   -0.5;   -2.3;eor
        433;20180403;   10;   9.1;   3.5;    3;   0.0;   4;    5.317;-999;  -999;   9.5;  998.34;   12.6;   66.33;   18.8;    5.3;    4.0;eor
        433;20180404;   10;  20.0;   3.0;    3;   3.3;   4;   10.183;-999;  -999;   9.8;  997.58;   15.6;   57.83;   21.4;   10.9;    5.2;eor
        433;20180405;   10;  15.9;   5.7;    3;   0.8;   4;    3.583;-999;  -999;   8.9; 1002.24;   10.3;   71.13;   16.0;    3.6;    1.5;eor
        433;20180406;   10;   9.6;   3.2;    3;   0.0;   4;   12.217;-999;  -999;   5.6; 1017.79;    7.5;   57.42;   13.3;    1.7;   -1.2;eor
        433;20180407;   10;  10.5;   4.4;    3;   0.0;   0;   12.333;-999;  -999;   6.1; 1012.48;   12.8;   43.17;   20.8;    4.6;   -0.6;eor
        433;20180408;   10;  12.9;   4.1;    3;   0.0;   0;   11.983;-999;  -999;   8.9; 1005.85;   14.6;   54.92;   20.2;    7.9;    1.4;eor
        433;20180409;   10;   6.2;   2.0;    3;   0.0;   0;   10.717;-999;  -999;   9.8; 1001.19;   15.0;   59.83;   22.2;    6.3;   -0.5;eor
        433;20180410;   10;  12.1;   5.0;    3;   0.1;   4;   11.183;-999;  -999;  10.8; 1000.15;   17.3;   56.79;   24.6;   11.4;    5.5;eor
        433;20180411;   10;  11.5;   5.7;    3;   0.0;   4;   10.667;-999;  -999;  12.0; 1003.97;   14.7;   71.83;   18.7;   11.6;    9.5;eor
        433;20180412;   10;  14.7;   6.3;    3;   0.0;   0;    7.750;-999;  -999;  12.0; 1000.40;   16.6;   65.46;   24.4;   10.2;    8.3;eor
        433;20180413;   10;  11.8;   4.7;    3;  22.7;   4;    1.600;-999;  -999;  14.0; 1001.09;   16.0;   77.83;   20.2;   11.3;    9.1;eor
        433;20180414;   10;  11.0;   3.6;    3;   5.0;   4;    3.250;-999;  -999;  12.3; 1010.47;   13.2;   82.17;   17.7;    9.3;    3.6;eor
        433;20180415;   10;   6.8;   2.1;    3;   0.0;   4;    9.267;-999;  -999;  11.3; 1008.08;   15.3;   68.63;   22.2;    8.4;    3.0;eor
        433;20180416;   10;   6.5;   2.7;    3;   2.2;   4;    0.083;-999;  -999;  12.5; 1007.81;   12.5;   85.58;   16.3;   10.2;    7.1;eor
        433;20180417;   10;   8.8;   2.8;    3;   0.0;   0;   10.983;-999;  -999;  10.4; 1019.68;   13.6;   68.96;   19.3;    7.2;    1.8;eor
        433;20180418;   10;   9.4;   1.9;    3;   0.0;   0;   12.283;-999;  -999;  11.3; 1025.62;   16.5;   63.17;   24.4;    8.2;    1.8;eor
        433;20180419;   10;   5.8;   1.6;    3;   0.0;   0;   12.467;-999;  -999;  13.0; 1025.02;   18.0;   64.13;   24.7;    9.5;    3.5;eor
        433;20180420;   10;   9.0;   2.9;    3;   0.0;   0;   12.667;-999;  -999;  12.9; 1017.55;   20.3;   58.29;   27.5;   11.4;    3.9;eor
        433;20180421;   10;   8.7;   3.3;    3;   0.0;   0;   12.167;-999;  -999;  11.0; 1013.51;   16.9;   57.75;   21.7;   11.4;    2.0;eor
        433;20180422;   10;  11.6;   2.1;    3;   0.0;   4;   12.350;-999;  -999;  10.4; 1009.70;   17.1;   55.17;   24.1;    7.6;   -0.2;eor
        433;20180423;   10;  12.8;   4.2;    3;   0.1;   4;    6.883;-999;  -999;  12.8; 1005.84;   17.7;   63.58;   21.7;   11.8;    7.6;eor
        433;20180424;   10;  13.3;   3.8;    3;   0.6;   4;    2.683;-999;  -999;  10.2; 1008.18;   13.2;   68.00;   16.9;    9.7;    4.2;eor
        433;20180425;   10;  18.4;   5.1;    3;   1.3;   4;    4.967;-999;  -999;  10.7; 1002.16;   13.0;   71.54;   18.7;    8.8;    3.4;eor
        433;20180426;   10;  18.0;   4.1;    3;   3.3;   4;    3.900;-999;  -999;   9.1; 1007.45;    9.5;   76.83;   13.9;    7.0;    2.3;eor
        433;20180427;   10;   7.4;   2.8;    3;   0.0;   0;   10.717;-999;  -999;   8.0; 1008.87;   11.2;   62.79;   16.4;    5.0;   -0.3;eor
        433;20180428;   10;  11.0;   2.7;    3;   0.0;   4;   11.233;-999;  -999;   8.7; 1004.89;   15.8;   52.58;   22.7;    5.8;   -0.4;eor
        433;20180429;   10;   7.7;   2.6;    3;   0.0;   0;   10.183;-999;  -999;  11.9; 1003.76;   17.8;   59.33;   24.3;   11.6;    4.6;eor
        433;20180430;   10;  15.1;   5.0;    3;   0.0;   4;    9.450;-999;  -999;  11.5;  995.95;   17.3;   58.38;   23.9;   12.0;    2.0;eor
        433;20180501;   10;  17.1;   4.8;    3;   0.0;   0;   10.317;-999;  -999;   7.4; 1004.17;   13.0;   49.63;   16.4;    6.4;   -2.9;eor
        433;20180502;   10;   8.7;   2.8;    3;   0.0;   4;    2.300;-999;  -999;   8.1; 1009.03;   11.0;   62.88;   14.9;    3.9;   -4.6;eor
        433;20180503;   10;  11.1;   3.8;    3;   0.0;   0;    9.617;-999;  -999;   9.3; 1009.23;   14.2;   57.42;   19.9;    7.4;   -1.7;eor
        433;20180504;   10;   9.2;   2.9;    3;   0.0;   0;   13.850;-999;  -999;   7.1; 1017.95;   12.2;   52.13;   18.4;    4.9;   -3.7;eor
        433;20180505;   10;   8.8;   3.5;    3;   0.0;   0;   13.933;-999;  -999;   7.8; 1021.56;   12.8;   54.92;   18.8;    4.1;   -4.9;eor
        433;20180506;   10;   9.4;   3.1;    3;   0.0;   0;   14.050;-999;  -999;   9.8; 1020.88;   15.2;   58.00;   21.4;    8.1;   -0.9;eor
        433;20180507;   10;  11.5;   3.4;    3;   0.0;   0;   14.100;-999;  -999;  11.0; 1016.84;   17.8;   56.50;   23.9;    9.4;   -0.7;eor
        433;20180508;   10;  11.7;   3.8;    3;   0.0;   0;   14.100;-999;  -999;  11.0; 1009.98;   19.0;   52.38;   24.9;   11.3;    3.0;eor
        433;20180509;   10;  13.3;   3.9;    3;   1.0;   4;   11.717;-999;  -999;  13.3; 1004.38;   20.2;   57.96;   26.8;   13.3;    5.7;eor
        433;20180510;   10;  10.4;   3.5;    3;   1.7;   4;    6.933;-999;  -999;  15.2; 1003.41;   20.3;   66.42;   27.5;   15.0;   13.3;eor
        433;20180511;   10;   9.8;   3.1;    3;   0.0;   4;    0.000;-999;  -999;  13.6; 1013.30;   14.2;   84.17;   16.4;   10.5;    3.0;eor
        433;20180512;   10;   8.7;   2.6;    3;   0.0;   0;    6.917;-999;  -999;  14.5; 1011.95;   17.1;   75.33;   23.0;    9.7;    2.7;eor
        433;20180513;   10;  12.5;   4.8;    3;   0.0;   0;   14.083;-999;  -999;  12.0; 1007.47;   20.5;   54.21;   26.5;   14.3;    9.6;eor
        433;20180514;   10;  13.3;   5.5;    3;   0.0;   0;   14.317;-999;  -999;   9.8; 1008.65;   19.1;   45.63;   24.0;   13.2;    2.9;eor
        433;20180515;   10;  16.6;   3.6;    3;   5.7;   4;    6.400;-999;  -999;  11.5; 1008.60;   15.5;   67.92;   22.9;   10.9;    2.6;eor
        433;20180516;   10;  11.9;   3.3;    3;   0.0;   4;    6.183;-999;  -999;  13.4; 1006.34;   16.7;   72.67;   22.6;   11.2;    6.0;eor
        433;20180517;   10;  12.4;   5.5;    3;   0.0;   0;   12.117;-999;  -999;  12.9; 1007.54;   16.9;   67.54;   21.7;   11.1;    6.5;eor
        433;20180518;   10;   9.7;   4.0;    3;   0.0;   4;    0.200;-999;  -999;  11.3; 1013.36;   12.7;   77.25;   15.0;    9.5;    7.5;eor
        433;20180519;   10;   9.4;   3.4;    3;   0.0;   0;   12.383;-999;  -999;   9.4; 1016.36;   16.4;   53.75;   22.0;   11.5;    8.1;eor
        433;20180520;   10;   9.8;   4.1;    3;   0.0;   0;   14.883;-999;  -999;   7.5; 1019.15;   16.1;   43.17;   21.9;    8.0;    0.9;eor
        433;20180521;   10;  12.8;   4.5;    3;   0.0;   0;   14.167;-999;  -999;   8.7; 1015.13;   17.7;   44.75;   24.1;    9.7;   -0.3;eor
        433;20180522;   10;   9.2;   3.5;    3;   0.0;   0;   14.417;-999;  -999;   9.2; 1010.25;   18.9;   44.83;   25.1;   11.1;    2.3;eor
        433;20180523;   10;  11.9;   4.2;    3;   0.0;   0;   13.450;-999;  -999;  10.7; 1015.29;   19.6;   49.42;   25.8;   11.4;    2.2;eor
        433;20180524;   10;  14.2;   5.3;    3;   0.0;   0;   14.167;-999;  -999;  11.5; 1017.02;   20.2;   50.54;   26.2;   14.4;   11.3;eor
        433;20180525;   10;  11.4;   4.4;    3;   0.0;   0;   13.417;-999;  -999;  11.5; 1015.42;   21.0;   47.63;   26.9;   14.9;    7.2;eor
        433;20180526;   10;  10.6;   2.8;    3;   0.0;   0;   11.717;-999;  -999;  13.2; 1016.28;   20.4;   56.71;   27.3;   12.4;    4.3;eor
        433;20180527;   10;  10.3;   3.2;    3;   0.0;   4;    9.517;-999;  -999;  14.9; 1015.20;   20.5;   64.29;   28.2;   13.7;    6.3;eor
        433;20180528;   10;  10.4;   4.1;    3;   0.0;   0;   13.750;-999;  -999;  15.5; 1014.04;   25.2;   51.92;   32.1;   16.4;   13.3;eor
        433;20180529;   10;  12.3;   4.8;    3;   0.0;   0;   15.100;-999;  -999;  11.9; 1010.38;   25.9;   37.92;   32.2;   18.6;   13.6;eor
        433;20180530;   10;  13.6;   2.9;    3;   6.0;   4;    9.900;-999;  -999;  15.7; 1009.15;   24.0;   53.92;   32.4;   18.1;   11.3;eor
        433;20180531;   10;   9.6;   2.9;    3;   0.0;   4;   12.250;-999;  -999;  15.8; 1009.24;   25.0;   52.58;   31.4;   16.9;   11.6;eor
        433;20180601;   10;  10.7;   2.8;    3;  15.8;   4;    9.750;-999;  -999;  18.0; 1008.53;   23.8;   63.58;   32.2;   18.9;   12.6;eor
        433;20180602;   10;  10.4;   4.0;    3;   0.1;   4;    3.200;-999;  -999;  19.8; 1009.38;   21.6;   77.29;   26.4;   18.4;   15.2;eor
        433;20180603;   10;   8.5;   3.5;    3;   0.0;   4;    3.150;-999;  -999;  18.4; 1011.04;   20.1;   78.46;   24.1;   17.8;   12.2;eor
        433;20180604;   10;-999;-999;    3;   0.0;   0;   12.500;-999;  -999;  -999;    -999;   21.2;-999;   25.4;   15.7;   10.0;eor
        433;20180605;   10;-999;-999;    3;   0.0;   0;    5.200;-999;  -999;  -999;    -999;   18.4;-999;   23.5;   13.6;   10.7;eor
        433;20180606;   10;-999;-999;    3;   0.0;   0;   15.700;-999;  -999;  -999;    -999;   18.0;-999;   24.5;   12.3;    9.8;eor
        433;20180607;   10;  12.0;-999;    3;   0.0;   0;   15.800;-999;  -999;  -999;    -999;   20.9;-999;   28.0;   12.3;    9.4;eor
        433;20180608;   10;-999;-999;    3;   0.0;   0;   15.200;-999;  -999;  -999;    -999;   23.5;-999;   31.3;   13.4;    5.7;eor
        433;20180609;-999;-999;-999;    3;   0.0;   0;   13.600;-999;  -999;  -999;    -999;   24.5;-999;   31.0;   17.0;   14.0;eor
        433;20180610;-999;-999;-999;    3;   5.0;   4;    7.000;-999;  -999;  -999;    -999;   22.5;-999;   30.0;   17.0;   14.0;eor
        433;20180611;-999;-999;-999;    3;   0.0;   0;    8.500;-999;  -999;  -999;    -999;   20.0;-999;   25.0;   16.5;   12.5;eor
        433;20180612;   10;  10.1;-999;    3;   0.0;   0;    8.000;-999;  -999;  -999;    -999;   17.0;-999;   22.2;   14.0;   13.0;eor
        433;20180613;   10;   8.8;   4.1;    3;   0.0;   4;    0.550;-999;  -999;  11.5; 1006.22;   15.8;   63.83;   18.1;   14.5;   13.8;eor
        433;20180614;   10;   9.6;   2.5;    3;   0.0;   0;   11.333;-999;  -999;   9.8; 1009.22;   18.2;   48.50;   24.1;   12.3;    5.2;eor
        433;20180615;   10;   8.5;   2.3;    3;   0.0;   0;    0.750;-999;  -999;  13.7; 1010.79;   19.4;   60.79;   23.8;   16.0;   11.2;eor
        433;20180616;   10;   7.4;   2.2;    3;   0.0;   0;    4.350;-999;  -999;  13.8; 1009.99;   22.7;   51.92;   27.4;   17.1;   12.7;eor
        433;20180617;   10;  11.8;   3.9;    3;   0.0;   0;   11.333;-999;  -999;  12.9; 1009.28;   22.3;   47.92;   27.1;   17.2;    8.5;eor
        433;20180618;   10;   9.7;   3.1;    3;   0.0;   4;    4.617;-999;  -999;  12.2; 1013.48;   20.5;   51.33;   24.7;   14.9;    6.8;eor
        433;20180619;   10;  10.0;   4.0;    3;   0.0;   0;    5.133;-999;  -999;  14.8; 1015.11;   21.6;   58.38;   26.1;   18.1;   12.3;eor
        433;20180620;   10;   8.5;   2.4;    3;   0.0;   0;    4.767;-999;  -999;  15.2; 1014.39;   22.6;   56.83;   29.0;   16.2;    9.0;eor
        433;20180621;   10;  18.8;   5.4;    3;   2.6;   4;    7.917;-999;  -999;  12.9; 1006.90;   18.0;   61.96;   27.8;   11.3;    8.7;eor
        433;20180622;   10;  14.1;   5.5;    3;   0.4;   4;    3.667;-999;  -999;   9.9; 1011.20;   14.1;   62.46;   20.1;   10.4;    8.2;eor
        433;20180623;   10;  14.5;   6.1;    3;   9.3;   4;    1.000;-999;  -999;  11.8; 1013.10;   13.8;   75.29;   20.1;   11.6;   10.6;eor
        433;20180624;   10;  11.4;   4.7;    3;   0.7;   4;    0.050;-999;  -999;  13.8; 1012.67;   13.4;   89.75;   16.0;   11.8;   11.4;eor
        433;20180625;   10;   9.2;   3.5;    3;   0.0;   0;    2.350;-999;  -999;  13.8; 1014.50;   16.2;   76.33;   22.4;   12.4;    9.5;eor
        433;20180626;   10;   8.9;   3.9;    3;   0.0;   4;    4.683;-999;  -999;  13.6; 1016.97;   17.2;   71.17;   24.3;   12.4;    8.3;eor
        433;20180627;   10;   9.6;   4.0;    3;   0.0;   0;   10.367;-999;  -999;  13.0; 1018.76;   19.6;   59.25;   25.1;   13.3;   10.7;eor
        433;20180628;   10;  15.0;   5.0;    3;   0.0;   0;    9.833;-999;  -999;  13.9; 1015.11;   22.1;   54.63;   28.9;   14.8;   10.5;eor
        433;20180629;   10;  12.9;   4.8;    3;   0.0;   0;   14.017;-999;  -999;  13.0; 1010.25;   22.1;   51.21;   30.8;   14.2;   10.8;eor
        433;20180630;   10;  10.1;   4.7;    3;   0.0;   0;   10.983;-999;  -999;   9.1; 1014.04;   17.2;   47.75;   22.4;   11.5;    6.2;eor
        433;20180701;   10;  12.0;   4.4;    3;   0.0;   0;   11.833;-999;  -999;   8.7; 1015.07;   16.9;   47.54;   22.6;    9.7;    1.1;eor
        433;20180702;   10;  10.9;   3.0;    3;   0.0;   0;   12.967;-999;  -999;   9.1; 1012.30;   18.0;   47.71;   24.9;    8.6;    0.1;eor
        433;20180703;   10;  12.1;   3.0;    3;   0.0;   0;   14.900;-999;  -999;   9.2; 1010.03;   21.7;   38.00;   28.3;   13.2;    2.9;eor
        433;20180704;   10;  12.3;   2.0;    3;   0.0;   0;   15.417;-999;  -999;   9.7; 1007.71;   24.5;   34.50;   31.9;   14.9;    5.6;eor
        433;20180705;   10;  10.1;   3.1;    3;   0.0;   0;   12.367;-999;  -999;  12.8; 1004.87;   24.8;   42.83;   32.3;   16.8;    9.7;eor
        433;20180706;   10;   9.9;   5.1;    3;   0.0;   0;    3.317;-999;  -999;  12.6; 1009.87;   19.4;   56.63;   24.2;   15.3;   13.2;eor
        433;20180707;   10;  11.6;   5.2;    3;   0.0;   0;   13.567;-999;  -999;  10.7; 1013.19;   19.6;   50.08;   26.7;   12.0;    9.9;eor
        433;20180708;   10;   9.0;   4.2;    3;   0.0;   4;    6.983;-999;  -999;  14.0; 1013.92;   20.7;   58.42;   27.8;   14.8;   13.2;eor
        433;20180709;   10;  11.8;   4.6;    3;   0.0;   4;    8.333;-999;  -999;  12.8; 1012.22;   20.0;   55.46;   24.1;   15.9;   14.2;eor
        433;20180710;   10;   6.6;   2.3;    3;   5.8;   4;    1.683;-999;  -999;  12.0; 1010.05;   16.7;   63.04;   20.1;   14.0;   11.3;eor
        433;20180711;   10;   8.3;   1.9;    3;  34.7;   4;    5.983;-999;  -999;  14.5; 1008.19;   18.4;   70.29;   24.8;   14.3;   12.9;eor
        433;20180712;   10;  14.3;   4.5;    3;  14.9;   4;    0.100;-999;  -999;  16.9; 1007.16;   17.3;   85.92;   19.6;   14.7;   14.3;eor
        433;20180713;   10;  12.1;   3.7;    3;   0.2;   4;    5.750;-999;  -999;  15.9; 1010.99;   20.5;   67.75;   28.0;   15.7;   10.2;eor
        433;20180714;   10;   9.0;   4.1;    3;   0.0;   0;   13.467;-999;  -999;  14.7; 1012.71;   19.5;   65.88;   24.6;   14.5;    9.0;eor
        433;20180715;   10;   7.9;   2.3;    3;   0.0;   0;   13.967;-999;  -999;  13.0; 1011.37;   19.8;   58.46;   25.5;   13.0;    7.0;eor
        433;20180716;   10;  11.0;   1.9;    3;   0.0;   0;   14.250;-999;  -999;  14.7; 1008.06;   22.4;   57.54;   28.7;   15.2;    8.5;eor
        433;20180717;   10;  11.5;   3.7;    3;   0.0;   0;    9.000;-999;  -999;  15.8; 1005.84;   23.6;   56.08;   30.0;   17.9;   12.3;eor
        433;20180718;   10;  12.0;   5.3;    3;   0.0;   4;   10.617;-999;  -999;  15.8; 1008.15;   23.2;   56.50;   27.5;   19.4;   17.8;eor
        433;20180719;   10;   9.3;   4.2;    3;   0.0;   4;    6.100;-999;  -999;  14.7; 1010.45;   20.8;   60.38;   26.1;   16.4;    8.0;eor
        433;20180720;   10;   9.8;   2.6;    3;   0.0;   0;   12.900;-999;  -999;  11.9; 1008.87;   21.4;   48.71;   27.8;   13.3;    6.6;eor
        433;20180721;   10;   6.8;   2.4;    3;   0.0;   0;   12.000;-999;  -999;  12.6; 1006.70;   22.0;   49.29;   27.8;   14.6;    7.4;eor
        433;20180722;   10;   6.8;   1.7;    3;   0.0;   4;    4.250;-999;  -999;  14.1; 1007.21;   23.2;   50.83;   28.2;   16.9;   11.2;eor
        433;20180723;   10;   9.6;   3.6;    3;   0.0;   0;   14.033;-999;  -999;  15.3; 1009.81;   22.9;   56.88;   27.8;   18.0;   11.5;eor
        433;20180724;   10;   6.8;   1.7;    3;   0.0;   0;   12.233;-999;  -999;  16.7; 1009.80;   24.4;   56.00;   29.9;   16.6;   10.2;eor
        433;20180725;   10;   7.4;   2.2;    3;   0.0;   0;   12.800;-999;  -999;  17.3; 1009.52;   26.3;   52.58;   32.4;   19.4;   13.3;eor
        433;20180726;   10;  11.2;   3.2;    3;   0.0;   0;   14.650;-999;  -999;  16.7; 1010.93;   26.1;   51.83;   32.0;   18.1;    8.9;eor
        433;20180727;   10;   9.8;   3.4;    3;   0.0;   0;   11.583;-999;  -999;  18.9; 1009.13;   26.0;   58.04;   32.3;   19.3;   12.9;eor
        433;20180728;   10;  14.6;   3.1;    3;   1.0;   4;   12.250;-999;  -999;  19.4; 1004.16;   25.6;   62.29;   32.8;   19.8;   15.1;eor
        433;20180729;   10;  11.5;   2.9;    3;   0.0;   4;   11.283;-999;  -999;  17.4; 1009.69;   23.6;   61.92;   29.5;   17.8;   16.1;eor
        433;20180730;   10;   8.6;   3.5;    3;   0.0;   0;   10.833;-999;  -999;  16.3; 1010.89;   26.9;   48.04;   33.4;   21.4;   18.1;eor
        433;20180731;   10;  10.5;   3.0;    3;   0.0;   0;   14.067;-999;  -999;  15.2; 1010.56;   28.8;   41.04;   36.1;   20.0;   13.3;eor
        433;20180801;   10;   8.3;   3.8;    3;   0.0;   0;    8.067;-999;  -999;  19.4; 1012.96;   27.7;   52.54;   31.8;   23.9;   19.3;eor
        433;20180802;   10;  11.0;   4.4;    3;   0.0;   4;    8.150;-999;  -999;  17.2; 1016.08;   26.6;   50.42;   32.2;   22.7;   19.2;eor
        433;20180803;   10;   8.2;   2.8;    3;   0.0;   0;   12.733;-999;  -999;  14.1; 1015.52;   27.1;   40.92;   33.0;   21.2;   16.8;eor
        433;20180804;   10;   8.9;   2.8;    3;   0.0;   0;   11.983;-999;  -999;  16.1; 1011.13;   27.7;   45.17;   34.3;   19.4;   13.1;eor
        433;20180805;   10;  11.8;   4.4;    3;   0.0;   0;    9.550;-999;  -999;  14.5; 1013.45;   22.5;   53.96;   26.3;   18.1;    9.2;eor
        433;20180806;   10;   7.3;   2.3;    3;   0.0;   0;   14.017;-999;  -999;  13.1; 1012.50;   23.1;   48.63;   29.8;   15.6;    7.3;eor
        433;20180807;   10;   8.2;   2.9;    3;   0.0;   0;   13.333;-999;  -999;  12.2; 1006.88;   27.5;   36.58;   36.3;   17.1;    8.4;eor
        433;20180808;   10;  12.6;   3.3;    3;   2.2;   4;   10.533;-999;  -999;  15.2; 1004.80;   28.9;   40.25;   38.0;   22.4;   19.0;eor
        433;20180809;   10;  15.2;   3.9;    3;   1.6;   4;   11.800;-999;  -999;  19.3; 1007.25;   27.4;   55.88;   34.7;   21.4;   18.2;eor
        433;20180810;   10;  13.2;   4.3;    3;   0.0;   0;    6.300;-999;  -999;  13.6; 1013.62;   21.2;   54.33;   24.8;   17.3;    8.7;eor
        433;20180811;   10;  14.6;   4.6;    3;   0.0;   4;    6.550;-999;  -999;  10.3; 1013.99;   19.5;   46.71;   24.0;   15.3;    9.6;eor
        433;20180812;   10;  10.6;   2.7;    3;   0.0;   0;   13.100;-999;  -999;   9.6; 1010.83;   20.3;   44.17;   27.6;   12.8;    4.8;eor
        433;20180813;   10;  12.8;   2.3;    3;   0.0;   4;    8.167;-999;  -999;  12.1; 1002.31;   22.9;   47.17;   32.0;   14.0;    4.7;eor
        433;20180814;   10;  11.2;   4.5;    3;   0.7;   4;    5.717;-999;  -999;  16.2; 1004.70;   20.7;   67.08;   25.6;   17.8;   15.7;eor
        433;20180815;   10;  10.1;   4.0;    3;   0.0;   0;    4.550;-999;  -999;  15.0; 1011.95;   20.5;   63.25;   26.4;   16.1;    8.9;eor
        433;20180816;   10;   8.0;   2.2;    3;   0.0;   0;   13.283;-999;  -999;  13.8; 1011.44;   22.9;   53.13;   29.7;   14.1;    7.3;eor
        433;20180817;   10;  11.6;   3.7;    3;   0.0;   0;   12.467;-999;  -999;  14.0; 1009.05;   25.0;   46.08;   33.4;   17.8;   10.8;eor
        433;20180818;   10;   7.8;   2.6;    3;   0.0;   0;    8.117;-999;  -999;  14.3; 1014.79;   21.8;   56.29;   27.3;   17.3;    9.9;eor
        433;20180819;   10;   8.3;   1.8;    3;   0.0;   0;   12.200;-999;  -999;  12.8; 1013.19;   23.4;   47.38;   30.9;   14.9;    7.7;eor
        433;20180820;   10;   9.8;   4.1;    3;   0.0;   4;    1.967;-999;  -999;  15.9; 1011.02;   21.6;   61.54;   24.2;   18.6;   11.2;eor
        433;20180821;   10;   9.8;   3.5;    3;   0.0;   0;   11.583;-999;  -999;  12.2; 1015.26;   19.7;   53.88;   24.0;   14.6;    5.4;eor
        433;20180822;   10;   6.8;   1.9;    3;   0.0;   0;   12.783;-999;  -999;  11.6; 1013.02;   21.1;   49.13;   28.8;   11.8;    3.5;eor
        433;20180823;   10;  13.1;   2.5;    3;   0.2;   4;   10.083;-999;  -999;  13.8; 1005.34;   25.6;   45.33;   34.6;   15.6;    8.9;eor
        433;20180824;   10;  14.3;   4.3;    3;   0.1;   4;    2.967;-999;  -999;  14.1; 1002.86;   20.6;   58.04;   24.2;   16.9;   13.1;eor
        433;20180825;   10;  15.4;   3.2;    3;   0.2;   4;    5.033;-999;  -999;  10.8; 1003.95;   16.8;   57.54;   22.6;   12.2;    8.1;eor
        433;20180826;   10;  10.1;   3.5;    3;   0.0;   0;    9.900;-999;  -999;   8.9; 1009.26;   15.6;   53.00;   21.3;   10.6;    3.3;eor
        433;20180827;   10;  13.6;   3.9;    3;   0.2;   4;    1.667;-999;  -999;  10.3; 1007.23;   18.0;   49.75;   22.4;   11.7;    8.4;eor
        433;20180828;   10;   9.1;   2.9;    3;   0.0;   0;    5.800;-999;  -999;  12.5; 1013.32;   18.2;   61.50;   22.9;   12.1;    5.0;eor
        433;20180829;   10;   9.1;   3.2;    3;   0.0;   4;   11.983;-999;  -999;  11.4; 1010.04;   20.4;   51.75;   27.8;   11.2;    3.4;eor
        433;20180830;   10;  10.7;   3.9;    3;   1.3;   4;    0.000;-999;  -999;  14.8; 1008.07;   17.4;   73.96;   19.5;   14.8;   11.0;eor
        433;20180831;   10;   9.6;   3.7;    3;   0.0;   0;    6.267;-999;  -999;  11.7; 1014.38;   16.0;   65.92;   21.6;   11.8;    7.0;eor
        433;20180901;   10;   6.7;   2.0;    3;   0.0;   0;    6.850;-999;  -999;  11.7; 1018.71;   17.4;   60.42;   22.7;   10.2;    3.6;eor
        433;20180902;   10;   9.2;   4.2;    3;   0.3;   4;    0.100;-999;  -999;  15.1; 1018.38;   19.0;   69.67;   23.7;   14.4;   11.3;eor
        433;20180903;   10;  12.0;   4.8;    3;   0.0;   0;    9.950;-999;  -999;  15.7; 1012.35;   22.9;   58.04;   28.8;   17.8;   11.5;eor
        433;20180904;   10;   8.2;   3.1;    3;   0.0;   0;    9.867;-999;  -999;  14.6; 1010.66;   20.2;   63.75;   26.4;   15.5;    8.1;eor
        433;20180905;   10;  10.6;   3.1;    3;   0.0;   4;    6.467;-999;  -999;  15.0; 1012.21;   19.7;   68.21;   25.3;   14.3;    6.9;eor
        433;20180906;   10;   8.0;   3.7;    3;   0.9;   4;    9.833;-999;  -999;  14.5; 1007.86;   19.9;   64.29;   26.1;   15.5;   11.3;eor
        433;20180907;   10;  13.1;   2.7;    3;   0.3;   4;    2.367;-999;  -999;  14.7; 1006.17;   18.7;   69.00;   23.7;   14.2;   10.5;eor
        433;20180908;   10;  10.4;   2.6;    3;   0.0;   0;    9.883;-999;  -999;  10.1; 1013.83;   17.0;   53.79;   22.7;   12.0;    4.0;eor
        433;20180909;   10;   6.8;   1.5;    3;   0.0;   0;    9.383;-999;  -999;   9.8; 1015.13;   19.3;   46.13;   26.3;   13.3;    6.9;eor
        433;20180910;   10;   8.8;   2.4;    3;   0.0;   4;    3.750;-999;  -999;  11.4; 1014.74;   20.2;   49.96;   26.9;   13.2;    6.4;eor
        433;20180911;   10;  10.1;   3.5;    3;   0.0;   4;    7.633;-999;  -999;  12.1; 1013.92;   21.9;   47.92;   27.0;   17.1;   15.4;eor
        433;20180912;   10;  10.9;   4.5;    3;   0.0;   4;    7.317;-999;  -999;  14.0; 1013.18;   21.2;   56.29;   28.9;   15.5;   13.9;eor
        433;20180913;   10;   6.8;   2.7;    3;   0.3;   4;    0.000;-999;  -999;  13.2; 1015.19;   14.7;   78.92;   16.5;   13.6;   11.8;eor
        433;20180914;   10;   4.8;   1.5;    3;   0.0;   4;    1.400;-999;  -999;  13.0; 1014.26;   16.4;   71.04;   20.5;   13.4;   11.4;eor
        433;20180915;   10;  11.2;   3.8;    3;   0.2;   4;    5.167;-999;  -999;  11.6; 1015.39;   16.5;   63.42;   21.9;   11.7;    4.9;eor
        433;20180916;   10;   6.7;   1.7;    3;   0.0;   0;    7.667;-999;  -999;  11.3; 1017.66;   16.4;   63.54;   23.2;   10.1;    4.4;eor
        433;20180917;   10;   7.6;   1.6;    3;   0.0;   0;   10.200;-999;  -999;  10.1; 1013.67;   18.8;   51.00;   27.9;   10.1;    2.3;eor
        433;20180918;   10;  10.8;   2.4;    3;   0.0;   0;   11.117;-999;  -999;  11.3; 1009.48;   21.8;   47.08;   30.7;   12.4;    6.1;eor
        433;20180919;   10;   8.4;   2.4;    3;   0.0;   0;   10.367;-999;  -999;  13.8; 1011.30;   22.9;   50.92;   29.3;   16.4;    9.3;eor
        433;20180920;   10;  10.2;   2.3;    3;   0.0;   0;    9.433;-999;  -999;  13.7; 1010.43;   22.5;   52.13;   29.8;   16.7;   10.5;eor
        433;20180921;   10;  22.8;   4.6;    3;   1.5;   4;    5.850;-999;  -999;  13.8; 1002.85;   19.6;   63.71;   30.6;   11.9;    9.0;eor
        433;20180922;   10;  13.1;   4.8;    3;   0.2;   4;    2.267;-999;  -999;   9.6; 1010.43;   13.7;   62.50;   17.9;   10.4;    8.2;eor
        433;20180923;   10;  10.7;   3.5;    3;  13.6;   4;    0.067;-999;  -999;  10.6; 1006.30;   10.6;   83.13;   13.9;    8.6;    5.4;eor
        433;20180924;   10;  16.5;   6.5;    3;   3.1;   4;    5.383;-999;  -999;   8.5; 1017.28;    9.4;   72.46;   14.2;    6.7;    4.5;eor
        433;20180925;   10;  10.7;   4.2;    3;   0.0;   0;    9.233;-999;  -999;   7.2; 1029.89;    9.4;   62.96;   14.7;    5.1;   -0.4;eor
        433;20180926;   10;  11.0;   4.0;    3;   0.0;   0;    6.283;-999;  -999;   6.9; 1026.00;   12.3;   50.67;   17.7;    5.4;    1.5;eor
        433;20180927;   10;   8.9;   3.6;    3;   0.0;   0;    7.300;-999;  -999;  12.4; 1018.85;   18.3;   58.58;   23.5;   14.2;    8.5;eor
        433;20180928;   10;  11.6;   4.9;    3;   0.0;   0;    6.983;-999;  -999;   8.6; 1016.06;   13.1;   57.79;   17.4;    8.1;    4.2;eor
        433;20180929;   10;   7.0;   2.3;    3;   0.0;   0;    9.250;-999;  -999;   7.6; 1021.71;    9.9;   63.71;   15.4;    4.6;   -2.3;eor
        433;20180930;   10;   8.2;   2.0;    3;   0.0;   0;   10.433;-999;  -999;   7.0; 1011.66;   10.6;   58.29;   19.0;    3.8;   -2.3;eor
        433;20181001;   10;  10.6;   3.2;    3;   1.2;   4;    3.983;-999;  -999;   8.7; 1006.68;    9.3;   73.88;   14.9;    4.0;   -2.5;eor
        433;20181002;   10;  15.3;   4.9;    3;   2.2;   4;    2.167;-999;  -999;   8.9; 1008.05;    8.2;   82.08;   11.1;    5.0;    2.7;eor
        433;20181003;   10;  16.8;   7.1;    3;   0.0;   4;    3.933;-999;  -999;   8.7; 1011.12;   11.3;   65.46;   14.5;    8.8;    6.6;eor
        433;20181004;   10;   8.1;   3.2;    3;   0.0;   0;    0.733;-999;  -999;  10.7; 1019.41;   12.1;   75.71;   15.6;    8.4;    5.7;eor
        433;20181005;   10;   7.0;   2.5;    3;   0.0;   0;    9.300;-999;  -999;  10.7; 1015.43;   15.2;   63.54;   20.6;   10.8;    6.4;eor
        433;20181006;   10;   7.6;   2.5;    3;   0.0;   0;    9.083;-999;  -999;  11.4; 1005.21;   16.0;   63.92;   23.6;    8.5;    4.1;eor
        433;20181007;   10;  12.1;   3.8;    3;   0.0;   0;    0.233;-999;  -999;  10.1; 1010.52;   11.6;   72.75;   16.3;    3.5;   -2.9;eor
        433;20181008;   10;   5.6;   1.7;    3;   0.0;   0;   10.067;-999;  -999;   7.8; 1017.22;    8.8;   71.75;   15.2;    2.4;   -3.8;eor
        433;20181009;   10;   4.0;   1.2;    3;   0.0;   0;    4.350;-999;  -999;  10.3; 1017.11;   11.4;   77.71;   18.9;    4.0;   -1.0;eor
        433;20181010;   10;   8.6;   2.6;    3;   0.0;   0;    9.633;-999;  -999;  12.4; 1016.87;   15.5;   72.92;   23.7;    7.4;    1.6;eor
        433;20181011;   10;  11.3;   3.8;    3;   0.0;   0;    9.750;-999;  -999;  11.6; 1012.85;   17.5;   60.79;   24.3;   11.6;    7.4;eor
        433;20181012;   10;   5.4;   2.3;    3;   0.0;   0;    9.717;-999;  -999;  11.6; 1016.40;   17.7;   59.71;   25.7;   11.6;    5.6;eor
        433;20181013;   10;   8.3;   2.5;    3;   0.0;   0;    9.683;-999;  -999;  11.5; 1017.59;   17.4;   60.96;   25.5;   10.1;    4.6;eor
        433;20181014;   10;  10.3;   3.8;    3;   0.0;   0;    9.533;-999;  -999;  10.2; 1010.59;   17.8;   51.75;   24.3;   12.5;    8.9;eor
        433;20181015;   10;   7.6;   2.8;    3;   0.0;   0;    7.400;-999;  -999;   8.5; 1010.11;   15.9;   48.17;   22.0;    9.9;    2.8;eor
        433;20181016;   10;   4.7;   1.3;    3;   0.0;   0;    6.967;-999;  -999;   9.7; 1012.54;   13.7;   63.46;   20.9;    7.5;    1.8;eor
        433;20181017;   10;   4.0;   1.1;    3;   0.0;   0;    8.950;-999;  -999;  10.7; 1013.51;   13.2;   73.25;   21.4;    6.7;    1.3;eor
        433;20181018;   10;   9.5;   2.7;    3;   0.0;   4;    5.183;-999;  -999;  11.7; 1015.28;   12.1;   83.00;   17.1;    6.3;    1.4;eor
        433;20181019;   10;   7.0;   2.7;    3;   0.0;   0;    7.117;-999;  -999;   8.7; 1019.38;    9.8;   72.71;   14.7;    4.0;   -3.8;eor
        433;20181020;   10;   8.3;   2.5;    3;   0.0;   4;    3.000;-999;  -999;   7.8; 1022.17;    9.2;   68.67;   13.2;    4.1;   -3.9;eor
        433;20181021;   10;   4.6;   1.6;    3;   0.0;   0;    9.033;-999;  -999;   8.7; 1022.45;    9.9;   72.63;   15.8;    3.8;   -3.4;eor
        433;20181022;   10;  12.1;   3.0;    3;   1.2;   4;    1.050;-999;  -999;   8.6; 1021.09;    8.4;   77.46;   11.6;    5.4;   -1.1;eor
        433;20181023;   10;  15.9;   6.8;    3;   7.4;   4;    0.000;-999;  -999;   9.8; 1007.60;    8.9;   84.21;   11.7;    5.0;    2.3;eor
        433;20181024;   10;  19.9;   7.2;    3;   0.9;   4;    7.467;-999;  -999;   7.5; 1007.60;    9.8;   62.17;   12.6;    7.0;    3.3;eor
        433;20181025;   10;  18.0;   6.6;    3;   1.6;   4;    0.133;-999;  -999;  10.5; 1005.18;   11.3;   78.58;   12.8;    9.5;    8.8;eor
        433;20181026;   10;   8.7;   3.6;    3;   0.2;   4;    0.417;-999;  -999;   9.5; 1000.29;   10.3;   75.63;   12.4;    8.0;    5.1;eor
        433;20181027;   10;  13.5;   5.1;    3;   0.0;   0;    0.800;-999;  -999;   7.3;  999.89;    7.9;   68.08;   10.3;    4.3;    1.4;eor
        433;20181028;   10;  15.3;   5.2;    3;   0.1;   4;    1.017;-999;  -999;   7.2; 1008.80;    6.1;   76.58;    8.6;    3.8;    2.4;eor
        433;20181029;   10;  13.4;   6.6;    3;   0.0;   4;    0.000;-999;  -999;   7.2; 1001.78;    4.6;   84.13;    6.5;    3.9;    3.6;eor
        433;20181030;   10;  15.6;   5.6;    3;   1.7;   4;    5.917;-999;  -999;   9.9;  990.12;   13.3;   66.17;   21.3;    6.5;    6.2;eor
        433;20181031;   10;  11.8;   3.8;    3;   0.0;   0;    8.450;-999;  -999;   7.1; 1010.95;    9.0;   62.25;   13.3;    5.4;   -1.0;eor
        433;20181101;   10;   6.1;   2.3;    3;   0.0;   0;    2.367;-999;  -999;   8.8; 1008.01;    8.6;   78.29;   12.4;    3.6;   -1.9;eor
        433;20181102;   10;   7.6;   2.2;    3;   0.0;   0;    5.150;-999;  -999;   8.8; 1015.79;    9.1;   76.83;   14.1;    6.1;    0.5;eor
        433;20181103;   10;   4.8;   1.7;    3;   0.0;   0;    1.383;-999;  -999;   8.7; 1023.07;    8.1;   80.79;   11.4;    4.9;   -1.9;eor
        433;20181104;   10;   7.7;   3.4;    3;   0.0;   0;    0.000;-999;  -999;  10.5; 1014.94;    9.3;   89.08;   10.9;    5.0;    2.1;eor
        433;20181105;   10;   7.3;   3.3;    3;   0.0;   0;    1.650;-999;  -999;  11.2; 1007.35;   11.7;   81.42;   15.0;   10.3;    6.6;eor
        433;20181106;   10;   6.7;   3.0;    3;   0.0;   0;    7.867;-999;  -999;  10.8; 1005.17;   12.4;   75.00;   17.5;    9.1;    6.2;eor
        433;20181107;   10;   5.7;   2.1;    3;   0.0;   0;    6.333;-999;  -999;  10.7; 1006.32;   10.6;   83.71;   16.0;    6.3;    0.4;eor
        433;20181108;   10;   6.6;   1.8;    3;   0.8;   4;    2.250;-999;  -999;  10.2; 1014.21;    9.5;   85.96;   14.6;    4.8;   -0.3;eor
        433;20181109;   10;   5.2;   2.3;    3;   0.0;   4;    0.000;-999;  -999;  10.6; 1012.02;    9.0;   91.63;   10.4;    7.5;    2.4;eor
        433;20181110;   10;   7.7;   3.1;    3;   0.0;   0;    2.350;-999;  -999;  10.0; 1005.50;    8.8;   88.13;   12.1;    5.8;    3.6;eor
        433;20181111;   10;   5.1;   2.4;    3;   2.5;   4;    1.500;-999;  -999;   9.9; 1006.58;    8.5;   88.79;   11.6;    6.1;    4.8;eor
        433;20181112;   10;   7.0;   2.8;    3;   0.7;   4;    1.183;-999;  -999;  10.5; 1011.23;   11.4;   78.04;   14.6;    8.0;    5.4;eor
        433;20181113;   10;   8.5;   2.5;    3;   8.8;   4;    0.333;-999;  -999;  10.8; 1016.15;   10.2;   86.75;   12.3;    7.1;    4.7;eor
        433;20181114;   10;   6.9;   2.5;    3;   0.0;   0;    5.083;-999;  -999;   9.3; 1023.38;    7.8;   87.71;   11.5;    5.5;    0.6;eor
        433;20181115;   10;   7.4;   2.7;    3;   0.0;   0;    0.283;-999;  -999;   8.6; 1024.63;    7.1;   85.00;   10.3;    4.4;    1.7;eor
        433;20181116;   10;  11.7;   4.0;    3;   0.0;   0;    7.433;-999;  -999;   6.6; 1029.22;    5.4;   74.17;    9.0;    1.7;   -3.4;eor
        433;20181117;   10;   9.3;   4.2;    3;   0.0;   0;    7.117;-999;  -999;   5.4; 1031.98;    1.5;   79.96;    5.0;   -2.5;   -8.4;eor
        433;20181118;   10;   8.6;   2.9;    3;   0.0;   4;    0.700;-999;  -999;   5.8; 1024.90;    1.8;   81.13;    5.9;   -4.4;   -9.9;eor
        433;20181119;   10;  12.9;   6.0;    3;   0.6;   4;    0.217;-999;  -999;   6.6; 1017.23;    3.9;   82.29;    5.4;    2.5;    0.1;eor
        433;20181120;   10;  16.1;   6.8;    3;   0.0;   4;    0.000;-999;  -999;   5.2; 1013.34;    2.4;   72.13;    3.4;    1.8;    1.1;eor
        433;20181121;   10;  10.2;   5.2;    3;   0.1;   4;    0.000;-999;  -999;   5.1; 1016.18;    1.2;   76.71;    1.9;    0.5;   -0.6;eor
        433;20181122;   10;   8.8;   4.3;    3;   0.0;   0;    0.000;-999;  -999;   5.3; 1018.83;    1.1;   80.79;    1.8;    0.6;    0.3;eor
        433;20181123;   10;   5.8;   2.7;    3;   0.0;   4;    0.000;-999;  -999;   6.4; 1016.12;    2.0;   90.29;    3.4;    0.5;    0.2;eor
        433;20181124;   10;   4.1;   2.1;    3;   0.1;   4;    0.000;-999;  -999;   6.6; 1008.86;    2.0;   93.79;    3.4;    0.1;    0.1;eor
        433;20181125;   10;   8.5;   2.6;    3;   0.0;   4;    0.000;-999;  -999;   7.7; 1006.93;    4.3;   91.88;    5.5;    2.6;    0.6;eor
        433;20181126;   10;   8.5;   4.2;    3;   0.0;   0;    0.000;-999;  -999;   6.0; 1008.51;    2.5;   82.21;    3.9;   -1.2;   -6.1;eor
        433;20181127;   10;   4.5;   1.8;    3;   0.0;   0;    0.000;-999;  -999;   4.9; 1016.66;   -0.2;   81.04;    1.6;   -2.9;   -6.9;eor
        433;20181128;   10;   9.3;   3.5;    3;   0.0;   0;    6.900;-999;  -999;   4.6; 1022.49;    0.8;   71.38;    3.6;   -1.9;   -6.7;eor
        433;20181129;   10;  10.9;   5.4;    3;   0.0;   0;    3.033;-999;  -999;   3.6; 1016.72;    0.5;   57.50;    3.3;   -1.5;   -3.1;eor
        433;20181130;   10;  10.4;   4.2;    3;   5.2;   4;    0.000;-999;  -999;   4.7; 1010.01;    0.8;   72.25;    1.6;    0.4;   -0.4;eor
        433;20181201;   10;   5.6;   2.3;    3;   0.0;   4;    0.600;-999;  -999;   7.4; 1008.31;    3.7;   92.00;    7.0;    0.7;    0.4;eor
        433;20181202;   10;   8.8;   3.4;    3;   1.8;   4;    0.000;-999;  -999;   8.5;  997.33;    6.4;   87.46;   10.4;    3.5;    1.6;eor
        433;20181203;   10;  11.4;   3.4;    3;   1.7;   4;    1.483;-999;  -999;  11.5;  993.95;   11.0;   87.29;   14.0;    8.5;    5.4;eor
        433;20181204;   10;  17.9;   5.8;    3;   0.1;   4;    3.117;-999;  -999;   7.6; 1007.39;    6.7;   76.21;   10.5;    2.8;    1.0;eor
        433;20181205;   10;   7.5;   2.8;    3;   0.0;   0;    6.567;-999;  -999;   6.0; 1020.45;    2.9;   80.38;    7.2;    0.8;   -4.0;eor
        433;20181206;   10;   8.1;   3.6;    3;   1.1;   4;    0.067;-999;  -999;   7.0; 1010.71;    5.2;   77.50;    9.5;    1.6;    0.7;eor
        433;20181207;   10;  12.1;   4.3;    3;   7.4;   4;    0.000;-999;  -999;  11.5;  999.20;   10.6;   89.42;   12.4;    9.5;    8.1;eor
        433;20181208;   10;  18.7;   6.1;    3;   3.2;   4;    0.067;-999;  -999;   7.7;  993.86;    7.3;   74.75;    9.8;    5.5;    3.5;eor
        433;20181209;   10;  16.6;   6.1;    3;   1.4;   4;    0.017;-999;  -999;   8.4;  987.00;    7.4;   80.92;    8.4;    6.1;    5.2;eor
        433;20181210;   10;  18.3;   7.6;    3;   0.5;   4;    0.933;-999;  -999;   6.6; 1002.40;    4.9;   75.71;    6.1;    3.8;    2.9;eor
        433;20181211;   10;  13.6;   6.0;    3;   3.1;   4;    0.000;-999;  -999;   7.0; 1007.95;    3.8;   86.92;    4.9;    2.5;    0.9;eor
        433;20181212;   10;   8.2;   3.4;    3;   0.0;   4;    0.283;-999;  -999;   6.3; 1017.76;    2.7;   85.13;    4.5;    0.9;   -3.5;eor
        433;20181213;   10;   6.1;   2.7;    3;   0.0;   4;    0.000;-999;  -999;   6.1; 1018.39;    2.0;   86.96;    2.4;    1.0;    0.3;eor
        433;20181214;   10;   6.3;   3.4;    3;   0.0;   4;    0.000;-999;  -999;   4.9; 1020.56;    0.4;   78.38;    1.1;   -0.4;   -1.2;eor
        433;20181215;   10;   6.6;   2.9;    3;   0.0;   4;    0.000;-999;  -999;   5.0; 1022.22;    0.0;   81.04;    0.8;   -0.5;   -1.2;eor
        433;20181216;   10;   9.1;   3.6;    3;   0.0;   4;    0.000;-999;  -999;   4.3; 1011.34;   -0.4;   73.13;    0.3;   -1.5;   -3.2;eor
        433;20181217;   10;   3.2;   1.6;    3;   0.0;   4;    0.000;-999;  -999;   5.7; 1014.54;    0.9;   86.58;    2.5;   -1.3;   -1.9;eor
        433;20181218;   10;   6.3;   2.4;    3;   0.0;   4;    0.717;-999;  -999;   7.1; 1018.94;    3.7;   88.58;    6.7;    0.7;   -1.1;eor
        433;20181219;   10;   9.3;   3.7;    3;   0.0;   4;    0.000;-999;  -999;   6.0; 1011.99;    1.9;   85.33;    2.9;    0.2;   -1.6;eor
        433;20181220;   10;   5.2;   2.4;    3;   0.7;   4;    0.000;-999;  -999;   7.0; 1008.78;    3.8;   87.83;    5.6;    2.6;    0.4;eor
        433;20181221;   10;  13.5;   3.8;    3;   6.9;   4;    0.000;-999;  -999;   8.8;  999.93;    6.8;   88.46;   11.1;    4.5;    1.8;eor
        433;20181222;   10;  16.1;   5.1;    3;   6.1;   4;    0.000;-999;  -999;   7.7; 1001.43;    6.7;   78.79;    9.9;    3.5;    0.3;eor
        433;20181223;   10;  11.7;   3.7;    3;   1.9;   4;    0.000;-999;  -999;   8.5; 1009.10;    6.2;   90.13;    7.8;    3.7;    2.1;eor
        433;20181224;   10;  11.3;   5.3;    3;   0.3;   4;    0.000;-999;  -999;   5.8; 1017.02;    2.0;   82.00;    5.5;    0.3;   -0.2;eor
        433;20181225;   10;  14.7;   6.1;    3;   0.2;   4;    0.000;-999;  -999;   7.0; 1021.74;    4.9;   81.13;    6.0;    3.4;    2.6;eor
        433;20181226;   10;  11.9;   5.1;    3;   1.4;   4;    0.000;-999;  -999;   8.3; 1020.26;    5.8;   89.04;    6.7;    4.9;    4.2;eor
        433;20181227;   10;   9.5;   4.5;    3;   0.3;   4;    0.000;-999;  -999;   8.3; 1018.12;    5.5;   91.38;    6.3;    4.3;    2.8;eor
        433;20181228;   10;  11.4;   4.3;    3;   0.8;   4;    0.000;-999;  -999;   8.4; 1018.41;    6.2;   88.54;    7.2;    5.4;    5.0;eor
        433;20181229;   10;   9.7;   4.3;    3;   5.0;   4;    0.000;-999;  -999;   8.5; 1018.42;    6.0;   91.04;    7.0;    4.6;    4.1;eor
        433;20181230;   10;  15.6;   6.6;    3;   0.1;   4;    0.017;-999;  -999;   7.8; 1016.47;    6.3;   81.33;    7.8;    3.5;    0.3;eor
        433;20181231;   10;   8.6;   3.1;    3;   0.1;   4;    0.217;-999;  -999;   8.3; 1023.38;    5.8;   89.54;    8.5;    3.6;    1.4;eor
        433;20190101;   10;  18.8;   8.0;    3;   1.2;   4;    0.733;-999;  -999;   7.8; 1010.92;    6.6;   78.79;    8.7;    3.2;    1.9;eor
        433;20190102;   10;  17.7;   7.5;    3;   0.2;   4;    1.833;-999;  -999;   4.3; 1017.55;    1.8;   61.46;    3.7;   -1.8;   -5.0;eor
        433;20190103;   10;  10.3;   4.7;    3;   0.1;   4;    0.000;-999;  -999;   4.6; 1026.47;   -0.3;   77.42;    2.0;   -2.9;   -7.4;eor
        433;20190104;   10;  10.2;   4.6;    3;   1.9;   4;    0.000;-999;  -999;   6.5; 1021.23;    2.1;   90.04;    5.1;   -0.5;   -1.9;eor
        433;20190105;   10;  10.8;   5.4;    3;   0.0;   4;    0.367;-999;  -999;   8.3; 1013.83;    6.1;   87.54;    8.1;    2.1;   -1.3;eor
        433;20190106;   10;   8.8;   3.0;    3;   0.3;   4;    0.167;-999;  -999;   5.9; 1021.63;    2.3;   82.17;    3.6;    1.1;   -2.1;eor
        433;20190107;   10;   9.9;   2.7;    3;   5.9;   4;    0.000;-999;  -999;   7.3; 1018.96;    3.3;   92.71;    5.8;    0.4;   -2.4;eor
        433;20190108;   10;  16.4;   6.7;    3;   8.6;   4;    0.000;-999;  -999;   7.8;  995.45;    4.8;   89.63;    6.1;    2.3;    1.7;eor
        433;20190109;   10;  13.4;   7.6;    3;   3.0;   4;    0.000;-999;  -999;   6.4; 1000.69;    2.2;   89.58;    3.2;    1.0;    0.0;eor
        433;20190110;   10;  10.8;   5.0;    3;   0.0;   4;    0.550;-999;  -999;   5.3; 1016.03;    1.2;   79.50;    2.2;    0.3;   -0.9;eor
        433;20190111;   10;  12.3;   4.2;    3;   1.0;   4;    0.000;-999;  -999;   6.7; 1010.54;    2.5;   89.88;    5.8;    0.1;   -0.4;eor
        433;20190112;   10;  11.8;   5.4;    3;   3.7;   4;    0.000;-999;  -999;   7.6; 1003.92;    5.2;   85.58;    6.1;    4.2;    3.4;eor
        433;20190113;   10;  17.6;   6.3;    3;   4.4;   4;    0.000;-999;  -999;   8.6;  989.34;    6.4;   88.46;    8.1;    5.3;    4.0;eor
        433;20190114;   10;  20.6;   9.3;    3;   0.0;   4;    2.933;-999;  -999;   4.7;  994.75;    2.5;   63.96;    6.0;    0.4;   -1.3;eor
        433;20190115;   10;  14.7;   7.3;    3;   1.9;   4;    0.000;-999;  -999;   6.8; 1002.83;    4.1;   81.71;    6.8;    1.4;    0.0;eor
        433;20190116;   10;  13.6;   5.4;    3;   0.0;   4;    0.000;-999;  -999;   7.7; 1000.45;    6.3;   79.88;    7.3;    3.2;    1.4;eor
        433;20190117;   10;  12.7;   4.7;    3;   4.0;   4;    1.217;-999;  -999;   6.5;  993.73;    4.7;   76.04;    7.7;    1.8;    0.9;eor
        433;20190118;   10;  13.3;   5.1;    3;   0.0;   4;    7.100;-999;  -999;   4.9; 1009.12;    0.7;   75.83;    2.6;   -1.4;   -3.4;eor
        433;20190119;   10;   6.9;   2.1;    3;   0.0;   0;    5.033;-999;  -999;   5.0; 1014.13;    0.6;   78.04;    3.8;   -3.8;   -9.1;eor
        433;20190120;   10;   5.0;   1.6;    3;   0.0;   0;    7.017;-999;  -999;   4.3; 1014.16;   -2.8;   86.63;    1.2;   -6.3;  -11.8;eor
        433;20190121;   10;   6.1;   2.3;    3;   0.0;   4;    1.867;-999;  -999;   4.1; 1015.78;   -3.3;   86.21;   -1.8;   -4.7;   -7.7;eor
        433;20190122;   10;   6.8;   2.6;    3;   0.0;   0;    5.433;-999;  -999;   3.8; 1006.38;   -3.3;   79.33;    0.1;   -6.1;   -8.1;eor
        433;20190123;   10;   9.9;   4.6;    3;   0.0;   0;    0.200;-999;  -999;   3.3; 1000.30;   -5.5;   81.38;   -3.3;   -6.9;   -7.4;eor
        433;20190124;   10;   7.9;   3.6;    3;   0.0;   4;    0.000;-999;  -999;   3.3; 1006.64;   -3.9;   72.63;   -3.2;   -4.7;   -4.7;eor
        433;20190125;   10;   7.9;   2.4;    3;   1.2;   4;    0.567;-999;  -999;   3.5; 1008.30;   -3.5;   74.25;   -2.4;   -4.4;   -4.7;eor
        433;20190126;   10;   5.9;   2.3;    3;   5.7;   4;    0.000;-999;  -999;   6.1;  996.55;    0.8;   93.38;    4.0;   -3.2;   -3.6;eor
        433;20190127;   10;   7.5;   3.1;    3;   2.6;   4;    0.017;-999;  -999;   7.2;  984.38;    4.3;   87.25;    6.1;    2.5;    1.4;eor
        433;20190128;   10;   8.8;   3.0;    3;   1.8;   4;    4.100;-999;  -999;   6.6;  985.63;    3.4;   84.92;    5.8;    1.7;   -0.2;eor
        433;20190129;   10;  11.6;   3.8;    3;   0.0;   4;    0.250;-999;  -999;   5.8;  996.68;    1.2;   86.71;    2.8;   -1.2;   -5.3;eor
        433;20190130;   10;  11.1;   4.2;    3;   0.0;   0;    5.300;-999;  -999;   4.7;  994.87;    0.0;   78.21;    2.8;   -2.2;   -6.1;eor
        433;20190131;   10;   5.9;   2.8;    3;   0.0;   0;    2.033;-999;  -999;   4.9;  994.52;    0.7;   76.54;    4.2;   -1.6;   -3.7;eor
        433;20190201;   10;   8.2;   3.5;    3;   1.4;   4;    0.000;-999;  -999;   4.8;  990.95;   -0.5;   81.04;    2.0;   -3.6;   -6.5;eor
        433;20190202;   10;   9.2;   2.8;    3;   1.6;   4;    0.000;-999;  -999;   6.0;  991.56;    0.9;   91.75;    1.8;    0.5;   -0.1;eor
        433;20190203;   10;   9.7;   4.8;    3;   0.0;   4;    0.000;-999;  -999;   6.1; 1007.61;    1.3;   90.17;    2.2;   -0.3;   -2.5;eor
        433;20190204;   10;   7.4;   2.9;    3;   0.1;   4;    7.233;-999;  -999;   5.3; 1020.71;    1.3;   80.13;    5.7;   -1.4;   -5.4;eor
        433;20190205;   10;   8.0;   3.4;    3;   0.0;   4;    0.000;-999;  -999;   5.5; 1020.06;    2.4;   74.88;    4.1;    0.0;   -2.1;eor
        433;20190206;   10;   8.7;   2.8;    3;   0.0;   0;    4.900;-999;  -999;   5.6; 1018.67;    3.4;   72.25;    6.9;    0.7;   -2.9;eor
        433;20190207;   10;   9.3;   3.3;    3;   0.0;   4;    0.400;-999;  -999;   5.0; 1007.10;    2.4;   69.42;    5.3;   -0.7;   -3.0;eor
        433;20190208;   10;  11.4;   4.5;    3;   0.0;   4;    3.283;-999;  -999;   6.6; 1007.28;    5.5;   73.00;    8.5;    2.6;    0.6;eor
        433;20190209;   10;  18.4;   5.6;    3;   1.4;   4;    3.050;-999;  -999;   6.6;  999.00;    7.8;   62.83;   11.2;    5.3;    3.3;eor
        433;20190210;   10;  12.1;   4.3;    3;  11.3;   4;    0.000;-999;  -999;   8.0;  992.12;    6.6;   81.71;    9.1;    4.3;    2.0;eor
        433;20190211;   10;  17.0;   7.8;    3;   0.1;   4;    0.967;-999;  -999;   6.1; 1000.23;    4.5;   72.92;    7.3;    1.3;    0.2;eor
        433;20190212;   10;  14.3;   5.8;    3;   0.2;   4;    4.050;-999;  -999;   5.3; 1020.83;    3.3;   68.17;    6.1;    2.0;   -0.5;eor
        433;20190213;   10;  11.3;   4.9;    3;   0.3;   4;    0.000;-999;  -999;   8.3; 1025.55;    6.4;   85.67;    8.3;    4.0;    3.0;eor
        433;20190214;   10;   7.5;   3.1;    3;   0.0;   0;    4.500;-999;  -999;   7.8; 1028.82;    7.5;   75.17;   11.2;    3.1;   -5.0;eor
        433;20190215;   10;   4.8;   1.5;    3;   0.0;   0;    8.767;-999;  -999;   5.7; 1027.23;    6.9;   61.13;   15.3;    0.3;   -6.4;eor
        433;20190216;   10;   7.7;   2.1;    3;   0.0;   0;    8.850;-999;  -999;   5.7; 1020.28;    7.8;   57.04;   16.7;   -0.6;   -6.2;eor
        433;20190217;   10;   3.6;   1.4;    3;   0.0;   0;    8.500;-999;  -999;   6.4; 1018.21;    6.8;   65.71;   14.3;    0.7;   -5.5;eor
        433;20190218;   10;   4.4;   1.4;    3;   0.0;   0;    8.850;-999;  -999;   6.3; 1013.09;    7.5;   63.75;   15.3;   -0.1;   -6.2;eor
        433;20190219;   10;  13.6;   4.3;    3;   0.4;   4;    0.350;-999;  -999;   6.9; 1009.20;    7.2;   67.71;   10.2;    4.4;   -1.9;eor
        433;20190220;   10;   9.6;   4.0;    3;   0.3;   4;    0.567;-999;  -999;   7.4; 1014.83;    7.9;   69.25;   10.5;    5.9;    3.8;eor
        433;20190221;   10;  10.3;   3.9;    3;   2.6;   4;    0.733;-999;  -999;   8.5; 1017.21;    8.3;   77.42;   10.9;    6.2;    3.1;eor
        433;20190222;   10;  11.5;   5.3;    3;   0.0;   0;    6.567;-999;  -999;   5.5; 1030.79;    3.3;   66.63;    8.7;   -2.0;   -5.2;eor
        433;20190223;   10;   6.3;   2.5;    3;   0.0;   0;    8.017;-999;  -999;   3.1; 1037.66;    0.3;   50.63;    5.1;   -3.8;   -7.1;eor
        433;20190224;   10;   4.3;   1.5;    3;   0.0;   0;    7.067;-999;  -999;   3.4; 1032.98;    4.4;   44.83;   13.2;   -2.6;   -6.4;eor
        433;20190225;   10;   8.2;   2.8;    3;   0.0;   0;    9.050;-999;  -999;   5.8; 1030.34;    7.5;   54.83;   13.9;    1.0;   -5.7;eor
        433;20190226;   10;   6.2;   2.7;    3;   0.0;   0;    0.683;-999;  -999;   7.2; 1026.61;    7.2;   70.42;   11.8;    3.6;   -3.4;eor
        433;20190227;   10;   7.6;   2.2;    3;   0.0;   0;    9.200;-999;  -999;   5.5; 1019.10;    8.8;   55.71;   16.7;    0.7;   -5.2;eor
        433;20190228;   10;  11.1;   5.2;    3;   0.0;   4;    6.967;-999;  -999;   7.0; 1005.45;    8.5;   63.75;   12.9;    3.3;   -1.4;eor
        433;20190301;   10;   8.1;   2.8;    3;   0.0;   4;    0.000;-999;  -999;   6.6; 1006.10;    4.6;   77.25;    5.8;    3.3;   -1.6;eor
        433;20190302;    3;   7.6;   2.7;    3;   0.3;   4;    0.000;-999;  -999;   5.8; 1008.83;    4.3;   70.46;    5.8;    2.8;    1.2;eor
        433;20190303;   10;  13.0;   5.1;    3;   1.1;   4;    0.000;-999;  -999;   9.2;  999.88;    9.0;   80.25;   11.7;    4.4;    3.7;eor
        433;20190304;    3;  21.0;   6.0;    3;   3.8;   4;    1.350;-999;  -999;   8.2;  987.56;    9.8;   68.08;   15.1;    6.5;    4.2;eor
        433;20190305;   10;  17.3;   6.0;    3;   0.2;   4;    2.800;-999;  -999;   6.6;  996.27;    6.5;   68.88;    9.6;    3.0;    0.1;eor
        433;20190306;    3;  11.0;   4.0;    3;   1.0;   4;    6.933;-999;  -999;   6.6; 1001.97;    7.2;   66.71;   12.7;    1.2;   -1.7;eor
        433;20190307;   10;  17.4;   4.4;    3;   0.2;   4;    1.083;-999;  -999;   8.0;  991.51;   10.6;   63.42;   16.9;    7.9;    5.4;eor
        433;20190308;    3;  17.6;   6.8;    3;   2.9;   4;    3.183;-999;  -999;   6.7;  999.86;    7.9;   63.08;    9.9;    4.7;    2.4;eor
        433;20190309;    3;  21.2;   6.4;    3;   8.6;   4;    1.717;-999;  -999;   7.4;  999.45;    7.4;   72.63;   12.0;    4.7;    3.2;eor
        433;20190310;    3;  14.0;   4.4;    3;  13.5;   4;    0.283;-999;  -999;   6.7;  997.15;    4.7;   78.63;    7.9;    0.6;   -0.1;eor
        433;20190311;    3;  15.2;   5.5;    3;   2.6;   4;    1.283;-999;  -999;   6.5; 1004.51;    3.4;   83.29;    6.2;    1.7;   -0.2;eor
        433;20190312;   10;  11.5;   4.6;    3;   0.8;   4;    2.500;-999;  -999;   6.1; 1009.20;    5.7;   68.33;    9.0;    1.7;    0.3;eor
        433;20190313;   10;  15.5;   6.7;    3;   1.6;   4;    2.933;-999;  -999;   6.1;  995.74;    7.6;   59.29;   10.2;    5.1;    3.1;eor
        433;20190314;   10;  15.2;   5.6;    3;   9.8;   4;    0.017;-999;  -999;   7.7;  991.83;    5.9;   82.54;    8.6;    4.0;    3.6;eor
        433;20190315;   10;  20.4;   7.5;    3;   1.3;   4;    0.500;-999;  -999;   7.7;  992.02;    7.6;   73.83;    9.9;    5.8;    4.3;eor
        433;20190316;   10;  16.5;   5.7;    3;   5.2;   4;    0.167;-999;  -999;   7.6;  998.43;    6.8;   76.92;    9.2;    4.8;    4.0;eor
        433;20190317;   10;  17.4;   5.2;    3;   1.1;   4;    2.017;-999;  -999;   7.9;  995.26;    8.7;   70.38;   13.1;    4.3;    1.7;eor
        433;20190318;   10;  20.2;   5.8;    3;   2.0;   4;    2.533;-999;  -999;   6.3; 1005.55;    5.2;   71.50;    9.6;    3.3;    1.1;eor
        433;20190319;   10;  11.0;   4.3;    3;   0.0;   4;    3.500;-999;  -999;   5.9; 1018.99;    5.2;   68.13;    9.1;    2.4;   -4.7;eor
        433;20190320;   10;  10.4;   3.2;    3;   0.0;   0;    8.183;-999;  -999;   6.6; 1026.40;    7.7;   63.88;   13.2;   -0.6;   -6.4;eor
        433;20190321;   10;   7.8;   2.9;    3;   0.0;   0;    0.233;-999;  -999;   9.7; 1027.50;   10.2;   78.04;   12.2;    6.8;    0.5;eor
        433;20190322;   10;   5.1;   1.9;    3;   0.0;   0;    0.467;-999;  -999;   9.8; 1026.21;    8.7;   87.13;   10.7;    6.1;    2.7;eor
        433;20190323;   10;  10.5;   3.7;    3;   0.0;   0;    9.067;-999;  -999;   9.6; 1021.03;    9.9;   79.58;   17.1;    4.4;    1.2;eor
        433;20190324;   10;   7.1;   2.6;    3;   0.0;   4;    5.483;-999;  -999;   6.3; 1018.86;    7.1;   64.13;   12.0;    3.1;   -3.4;eor
        433;20190325;   10;  14.0;   4.8;    3;   3.2;   4;    3.467;-999;  -999;   6.5; 1009.91;    4.9;   74.63;    8.6;    1.5;   -0.3;eor
        433;20190326;   10;  14.4;   5.4;    3;   1.5;   4;    2.150;-999;  -999;   6.9; 1017.88;    5.2;   77.71;    8.0;    2.0;   -0.2;eor
        433;20190327;   10;  10.1;   4.2;    3;   1.6;   4;    0.567;-999;  -999;   8.6; 1023.12;    7.6;   81.96;   10.6;    4.1;    0.9;eor
        433;20190328;   10;   8.2;   3.9;    3;   0.2;   4;    0.000;-999;  -999;  10.5; 1026.35;    9.0;   91.25;   10.2;    8.2;    7.6;eor
        433;20190329;   10;   8.2;   2.2;    3;   0.0;   0;    0.000;-999;  -999;  10.0; 1025.75;   10.1;   81.17;   12.3;    6.6;   -0.6;eor
        433;20190330;   10;  10.2;   2.5;    3;   0.0;   0;   10.900;-999;  -999;   8.5; 1016.51;   11.7;   64.92;   18.8;    3.8;   -1.6;eor
        433;20190331;   10;   9.7;   4.3;    3;   0.0;   0;    6.250;-999;  -999;   6.7; 1016.92;    8.3;   60.92;   12.7;    1.5;   -6.0;eor
        433;20190401;    3;   9.9;   3.7;    3;   0.0;   0;   11.933;-999;  -999;   4.5; 1020.48;    5.9;   50.33;   11.4;   -1.8;   -8.9;eor
        433;20190402;    3;  10.2;   4.3;    3;   0.0;   0;   10.683;-999;  -999;   5.4; 1007.71;    8.9;   47.96;   15.3;    1.7;   -0.8;eor
        433;20190403;    3;   8.5;   3.2;    3;   0.0;   0;    7.633;-999;  -999;   8.2;  997.97;   13.4;   54.29;   19.1;    6.8;    2.5;eor
        433;20190404;    3;  10.2;   3.7;    3;   0.0;   0;   11.217;-999;  -999;   8.3;  993.42;   14.9;   50.08;   20.6;    8.0;    2.7;eor
        433;20190405;    3;   6.9;   2.6;    3;   0.0;   0;    4.600;-999;  -999;   9.4;  999.40;   10.6;   73.58;   15.0;    6.1;    1.8;eor
        433;20190406;    3;  11.1;   3.8;    3;   0.0;   0;   11.283;-999;  -999;   8.8; 1001.68;   14.4;   55.71;   20.9;    7.5;    0.4;eor
        433;20190407;    3;  10.7;   3.5;    3;   0.0;   0;   12.000;-999;  -999;   7.4; 1002.40;   13.5;   49.46;   19.2;    7.2;   -1.0;eor
        433;20190408;    3;  10.9;   3.4;    3;   0.0;   4;   11.033;-999;  -999;   7.5; 1004.53;   11.8;   55.79;   19.3;    4.5;   -2.7;eor
        433;20190409;    3;  10.3;   5.1;    3;   0.0;   0;   10.317;-999;  -999;   6.1; 1009.03;    6.7;   63.67;   11.2;    2.7;   -2.1;eor
        433;20190410;    3;   9.5;   3.7;    3;   0.0;   0;    5.633;-999;  -999;   5.0; 1012.39;    5.2;   57.79;    9.8;    0.3;   -5.8;eor
        433;20190411;    3;  11.6;   4.8;    3;   0.0;   4;    4.583;-999;  -999;   4.9; 1018.78;    3.6;   62.92;    6.4;    0.2;   -2.8;eor
        433;20190412;    3;   8.8;   4.5;    3;   0.0;   4;    0.000;-999;  -999;   5.2; 1020.17;    3.2;   67.46;    4.6;    2.0;    1.4;eor
        433;20190413;    3;   9.3;   4.3;    3;   0.2;   4;    0.000;-999;  -999;   5.1; 1018.53;    4.6;   60.38;    7.2;    2.1;    0.9;eor
        433;20190414;    3;  10.8;   4.9;    3;   1.4;   4;    0.167;-999;  -999;   6.9; 1019.47;    5.8;   74.83;   10.5;    2.5;    0.4;eor
        433;20190415;    3;  11.7;   4.2;    3;   0.0;   0;   12.783;-999;  -999;   5.3; 1021.60;    7.5;   52.92;   12.9;    1.2;   -3.5;eor
        433;20190416;    3;  14.8;   4.0;    3;   0.0;   0;   12.667;-999;  -999;   5.0; 1018.11;    9.0;   47.04;   15.6;    1.5;   -3.9;eor
        433;20190417;    3;   9.6;   3.9;    3;   0.0;   0;   12.450;-999;  -999;   6.6; 1021.68;   10.9;   50.50;   17.6;    2.4;   -2.6;eor
        433;20190418;    3;  11.8;   3.6;    3;   0.0;   0;   12.683;-999;  -999;   6.7; 1024.48;   14.0;   44.29;   20.3;    5.9;   -3.0;eor
        433;20190419;    3;   9.0;   3.8;    3;   0.0;   0;   12.733;-999;  -999;   6.4; 1026.78;   14.8;   39.71;   21.4;    8.2;   -1.2;eor
        433;20190420;    3;   8.3;   2.8;    3;   0.0;   0;   12.783;-999;  -999;   6.9; 1024.33;   13.4;   46.79;   21.4;    5.0;   -3.9;eor
        433;20190421;    3;   7.2;   2.9;    3;   0.0;   0;   13.017;-999;  -999;   6.7; 1017.56;   14.2;   42.50;   21.1;    6.0;   -3.5;eor
        433;20190422;    3;  14.7;   5.7;    3;   0.0;   0;   13.067;-999;  -999;   7.0; 1011.72;   13.2;   46.54;   18.6;    7.2;    1.7;eor
        433;20190423;    3;  16.1;   7.2;    3;   0.0;   4;    8.483;-999;  -999;   8.4; 1004.33;   14.5;   50.75;   18.8;    9.7;    8.0;eor
        433;20190424;    3;  12.1;   5.2;    3;   0.0;   4;    9.733;-999;  -999;  10.8; 1001.14;   17.3;   55.96;   23.1;   12.3;   11.0;eor
        433;20190425;    3;   7.2;   3.0;    3;   0.0;   4;   12.417;-999;  -999;   9.8; 1004.90;   19.0;   47.42;   25.8;   13.6;   10.0;eor
        433;20190426;    3;  14.1;   4.7;    3;   3.9;   4;    8.683;-999;  -999;  11.6; 1002.58;   18.7;   54.67;   25.4;   10.7;    9.0;eor
        433;20190427;    3;  12.9;   3.9;    3;   0.4;   4;    2.083;-999;  -999;  10.3; 1006.29;   13.4;   68.63;   18.7;    9.8;    7.4;eor
        433;20190428;    3;   9.6;   4.4;    3;   0.9;   4;    2.100;-999;  -999;   9.6; 1011.33;   10.5;   76.33;   13.3;    8.4;    8.0;eor
        433;20190429;    3;  12.8;   5.8;    3;   1.2;   4;    3.583;-999;  -999;   9.4; 1011.91;   10.5;   74.50;   17.1;    5.6;    2.8;eor
        433;20190430;    3;   9.8;   4.1;    3;   0.4;   4;   13.067;-999;  -999;   5.8; 1011.63;   11.4;   46.54;   18.3;    3.5;    0.6;eor
        433;20190501;    3;  12.0;   5.1;    3;   0.1;   4;    9.150;-999;  -999;  10.0; 1006.22;   13.1;   67.58;   17.6;    8.1;    6.2;eor
        433;20190502;    3;  15.0;   5.8;    3;   0.6;   4;    0.067;-999;  -999;   9.1; 1000.25;   10.2;   72.42;   13.7;    7.3;    5.3;eor
        433;20190503;    3;  12.8;   5.9;    3;   0.0;   4;    5.333;-999;  -999;   6.1; 1001.75;    8.7;   54.50;   12.3;    5.5;    3.8;eor
        433;20190504;    3;  11.1;   3.9;    3;   0.0;   4;    2.567;-999;  -999;   6.1; 1001.17;    7.0;   61.29;   11.5;    2.5;   -4.9;eor
        433;20190505;    3;   8.2;   3.1;    3;   0.0;   0;    7.250;-999;  -999;   5.4; 1009.89;    7.5;   54.96;   12.8;    1.1;   -7.4;eor
        433;20190506;    3;  11.6;   4.5;    3;   0.6;   4;    5.967;-999;  -999;   6.4; 1011.40;    8.5;   58.42;   13.4;    3.5;   -0.2;eor
        433;20190507;    3;   9.1;   3.2;    3;   0.0;   0;    6.467;-999;  -999;   6.1; 1011.44;    8.8;   56.42;   13.5;    4.3;   -5.4;eor
        433;20190508;    3;  11.4;   3.8;    3;   0.1;   4;    9.100;-999;  -999;   7.0; 1001.90;   12.2;   51.83;   18.3;    2.8;   -6.5;eor
        433;20190509;    3;   8.8;   2.8;    3;   0.2;   4;    2.783;-999;  -999;  10.7;  994.28;   13.9;   68.33;   18.4;   10.4;    2.5;eor
        433;20190510;    3;  12.7;   4.1;    3;   0.0;   4;    2.533;-999;  -999;  10.3; 1001.44;   13.2;   67.88;   16.8;    8.5;    0.2;eor
        433;20190511;    3;   9.2;   3.2;    3;   0.8;   4;    2.683;-999;  -999;   8.9; 1008.19;   11.2;   67.79;   15.1;    6.8;   -1.2;eor
        433;20190512;    3;  12.5;   5.4;    3;   0.0;   0;   10.433;-999;  -999;   6.5; 1021.47;   11.9;   48.54;   17.2;    5.9;   -3.0;eor
        433;20190513;    3;  11.7;   4.1;    3;   0.0;   4;    9.100;-999;  -999;   6.0; 1028.65;   10.3;   49.63;   15.9;    4.9;   -3.4;eor
        433;20190514;    3;  12.1;   5.5;    3;   0.0;   0;    7.583;-999;  -999;   6.0; 1026.02;    9.0;   53.67;   13.5;    4.1;    0.7;eor
        433;20190515;    3;  11.5;   5.0;    3;   3.7;   4;    1.600;-999;  -999;   6.2; 1019.60;    8.6;   56.25;   13.3;    1.2;   -6.6;eor
        433;20190516;    3;   9.1;   3.3;    3;   7.0;   4;    0.000;-999;  -999;  10.9; 1010.09;    9.4;   91.50;   11.6;    6.4;    0.3;eor
        433;20190517;    3;   7.8;   2.2;    3;   0.0;   0;    6.133;-999;  -999;  11.5; 1005.67;   13.5;   75.79;   20.0;    6.0;    0.2;eor
        433;20190518;    3;  10.5;   3.2;    3;   0.0;   0;   13.350;-999;  -999;  11.4; 1002.08;   17.6;   60.83;   24.6;   10.2;    4.9;eor
        433;20190519;    3;  10.5;   3.3;    3;   0.5;   4;   10.150;-999;  -999;  13.7;  999.79;   19.0;   64.04;   26.1;   11.2;    4.1;eor
        433;20190520;    3;  12.4;   3.5;    3;  -999;-999;    6.550;-999;  -999;  -999;  996.67;   18.3;-999;   25.3;   13.2;    8.3;eor
        433;20190521;    3;   9.7;   2.6;    3;   0.7;   4;   11.383;-999;  -999;  -999;  999.42;   18.1;-999;   24.4;   11.4;    6.0;eor
        433;20190522;    3;  13.6;   6.7;    3;   1.1;   4;    0.000;-999;  -999;  -999; 1007.07;   12.8;-999;   15.8;   11.6;   10.9;eor
        433;20190523;    3;   9.4;   3.7;    3;   0.0;   0;   11.850;-999;  -999;  -999; 1012.05;   14.2;-999;   19.3;    8.4;    4.2;eor
        433;20190524;    3;  11.3;   2.8;    3;   0.0;   0;   12.600;-999;  -999;  -999; 1007.86;   18.0;-999;   23.8;   10.6;    5.1;eor
        433;20190525;    3;  10.9;   4.4;    3;   0.0;   0;    3.583;-999;  -999;  -999; 1008.98;   13.8;-999;   16.3;   10.9;    6.4;eor
        433;20190526;    3;  12.4;   3.9;    3;   0.0;   0;    5.567;-999;  -999;  -999; 1006.23;   16.6;-999;   21.7;    8.6;    1.1;eor
        433;20190527;    3;   9.3;   3.4;    3;   0.4;   4;    1.167;-999;  -999;  -999; 1001.34;   18.3;-999;   22.2;   15.6;   14.2;eor
        433;20190528;    3;   9.4;   4.0;    3;   0.0;   4;    3.217;-999;  -999;  -999; 1001.19;   15.5;-999;   19.8;    9.0;    2.8;eor
        433;20190529;    3;   9.8;   3.9;    3;   0.0;   0;   10.367;-999;  -999;   7.2; 1014.46;   12.8;   50.71;   18.1;    8.2;   -1.1;eor
        433;20190530;    3;   9.8;   3.4;    3;   0.0;   4;   11.417;-999;  -999;   9.0; 1017.81;   16.4;   50.42;   23.6;    6.9;   -2.1;eor
        433;20190531;    3;  10.1;   3.2;    3;   3.8;   4;    5.283;-999;  -999;  15.4; 1016.79;   19.4;   69.25;   25.0;   14.0;    8.4;eor
        433;20190601;    3;   9.7;   2.7;    3;   0.0;   0;   11.817;-999;  -999;  15.4; 1014.92;   21.6;   62.92;   28.3;   15.4;    9.9;eor
        433;20190602;    3;   8.4;   2.4;    3;   0.0;   0;   12.167;-999;  -999;  14.3; 1011.45;   23.8;   52.46;   31.5;   14.9;    8.8;eor
        433;20190603;    3;  16.6;   3.5;    3;   0.3;   4;   12.700;-999;  -999;  13.6; 1007.55;   26.0;   44.21;   33.9;   18.7;   11.6;eor
        433;20190604;    1;   7.0;   2.3;    1;   0.0;   0;   11.117;-999;  -999;  15.1; 1006.18;   24.7;   51.00;   31.2;   18.4;   11.4;eor
        433;20190605;    1;  10.0;   3.6;    1;   0.0;   0;   14.533;-999;  -999;  14.8; 1002.91;   27.0;   45.50;   33.9;   17.3;   10.1;eor
        433;20190606;    1;  14.7;   4.3;    1;  21.8;   4;    7.867;-999;  -999;  17.4; 1003.03;   21.7;   69.00;   32.0;   15.1;   14.1;eor
        433;20190607;    1;   8.1;   2.9;    1;   0.7;   4;   13.267;-999;  -999;  14.2; 1008.37;   19.9;   62.67;   25.2;   13.7;   11.5;eor
        433;20190608;    1;  14.4;   4.9;    1;   0.0;   4;    7.650;-999;  -999;  10.8; 1013.44;   18.6;   51.46;   22.7;   14.4;    5.9;eor
        433;20190609;    1;   8.8;   2.7;    1;   3.0;   4;   12.617;-999;  -999;  10.0; 1017.53;   19.7;   44.67;   25.9;   12.4;    5.6;eor
        433;20190610;    1;   8.1;   2.2;    1;   2.1;   4;    4.717;-999;  -999;  17.3; 1007.69;   21.5;   67.33;   27.2;   15.2;   14.2;eor
        433;20190611;    1;  17.5;   3.1;    1;  33.7;   4;   11.250;-999;  -999;  20.6; 1003.87;   23.5;   72.50;   29.4;   17.5;   14.8;eor
        433;20190612;    1;-999;-999;    1;  -999;-999;    8.950;-999;  -999;  -999; 1002.40;   22.4;-999;   33.2;   17.1;   16.0;eor
        433;20190613;    1;-999;-999;    1;   0.0;   0;    7.867;-999;  -999;  -999; 1009.07;   19.8;-999;   24.7;   15.5;   11.3;eor
        433;20190614;    1;   8.3;   2.8;    1;   0.0;   4;   11.933;-999;  -999;  14.1; 1011.68;   23.4;   51.83;   29.6;   14.3;    8.7;eor
        433;20190615;    1;  14.6;   5.9;    1;   0.0;   4;   10.317;-999;  -999;  18.7; 1005.38;   25.4;   58.33;   31.9;   17.9;   16.0;eor
        433;20190616;    1;   9.4;   3.7;    1;   0.0;   4;    5.400;-999;  -999;  13.9; 1013.71;   18.9;   64.29;   22.5;   15.0;    9.9;eor
        433;20190617;    1;   6.9;   1.9;    1;   0.0;   0;    8.167;-999;  -999;  13.7; 1015.57;   21.3;   55.58;   26.5;   16.0;   11.2;eor
        433;20190618;    1;  10.2;   3.2;    1;   0.0;   0;   14.967;-999;  -999;  13.3; 1011.11;   23.7;   48.38;   29.3;   15.7;    9.7;eor
        433;20190619;    1;  12.9;   2.8;    1;   0.5;   4;   12.017;-999;  -999;  15.4; 1004.03;   25.3;   50.08;   32.2;   16.7;   10.6;eor
        433;20190620;    1;  12.9;   2.6;    1;   4.3;   4;    6.667;-999;  -999;  17.3; 1004.68;   22.2;   65.21;   26.2;   18.3;   14.6;eor
        433;20190621;    1;   8.3;   3.3;    1;   0.0;   0;    9.483;-999;  -999;  15.1; 1011.15;   20.6;   63.83;   25.3;   16.2;    9.4;eor
        433;20190622;    1;  11.0;   4.1;    1;   0.0;   0;   11.883;-999;  -999;  13.9; 1016.05;   20.3;   60.08;   25.8;   14.4;    8.6;eor
        433;20190623;    1;   8.8;   3.8;    1;   0.0;   0;   14.517;-999;  -999;  12.2; 1016.67;   21.5;   49.50;   28.0;   13.7;    8.8;eor
        433;20190624;    1;   9.1;   3.3;    1;   0.0;   0;   15.567;-999;  -999;  11.4; 1018.12;   23.3;   43.29;   29.8;   14.9;    8.3;eor
        433;20190625;    1;  10.0;   2.9;    1;   0.0;   0;   14.767;-999;  -999;  13.7; 1015.95;   27.2;   39.75;   33.7;   19.3;   12.1;eor
        433;20190626;    1;  13.9;   4.3;    1;   0.0;   0;   14.650;-999;  -999;  18.6; 1013.60;   29.2;   48.25;   37.5;   20.0;   14.7;eor
        433;20190627;    1;  13.4;   6.1;    1;   0.0;   0;   13.767;-999;  -999;  12.3; 1017.31;   20.1;   54.25;   26.0;   15.0;   13.0;eor
        433;20190628;    1;   8.8;   3.3;    1;   0.0;   0;    8.917;-999;  -999;  12.4; 1018.15;   19.0;   58.71;   24.8;   13.2;    8.0;eor
        433;20190629;    1;   6.7;   1.7;    1;   0.0;   0;   15.267;-999;  -999;  12.1; 1014.74;   23.5;   46.13;   31.7;   13.9;    6.1;eor
        433;20190630;    1;  12.8;   3.8;    1;   0.0;   0;   14.833;-999;  -999;  12.2; 1006.95;   28.8;   35.42;   38.5;   16.4;    8.1;eor
        433;20190701;    1;  13.8;   5.0;    1;   0.0;   4;    8.150;-999;  -999;  12.1; 1008.28;   23.1;   43.63;   29.2;   16.9;   14.7;eor
        433;20190702;    1;  14.5;   6.2;    1;   0.0;   0;    9.650;-999;  -999;  10.0; 1012.99;   18.2;   48.79;   22.4;   13.8;   11.3;eor
        433;20190703;    1;  11.5;   4.8;    1;   0.0;   0;    7.833;-999;  -999;   9.0; 1016.43;   16.3;   49.25;   21.1;   11.2;    8.3;eor
