STATIONS_ID;MESS_DATUM;QN_3;  FX;  FM;QN_4; RSK;RSKF; SDK;SHK_TAG;  NM; VPM;  PM; TMK; UPM; TXK; TNK; TGK;eor
       1981;20171231;-999;-999;-999;    3;  13.2;   4;-999;   0;  -999;  10.4;    -999;    9.2;   87.67;   12.0;    6.4;    4.3;eor
       1981;20180101;-999;-999;-999;    3;   0.0;   4;-999;   0;  -999;   7.8;    -999;    6.9;   78.25;    9.2;    4.3;    1.2;eor
       1981;20180102;-999;-999;-999;    3;  11.1;   4;-999;   0;  -999;   7.6;    -999;    5.3;   85.38;    6.5;    3.9;    1.3;eor
       1981;20180103;-999;-999;-999;    3;  20.4;   4;-999;   0;  -999;   8.2;    -999;    6.2;   86.75;    8.3;    4.4;    3.9;eor
       1981;20180104;-999;-999;-999;    3;   4.6;   4;-999;   0;  -999;   8.5;    -999;    6.5;   87.25;    8.2;    5.7;    5.0;eor
       1981;20180105;-999;-999;-999;    3;   1.9;   4;-999;   0;  -999;   7.7;    -999;    6.0;   82.42;    8.2;    4.5;    1.9;eor
       1981;20180106;-999;-999;-999;    3;   0.0;   0;-999;   0;  -999;   7.3;    -999;    4.8;   83.83;    6.1;    2.3;    2.2;eor
       1981;20180107;-999;-999;-999;    3;   0.0;   0;-999;   0;  -999;   4.5;    -999;    0.5;   72.08;    2.7;   -2.9;   -6.1;eor
       1981;20180108;-999;-999;-999;    3;   0.0;   0;-999;   0;  -999;   3.4;    -999;   -1.6;   63.96;    1.5;   -5.2;   -9.1;eor
       1981;20180109;-999;-999;-999;    3;   0.0;   0;-999;   0;  -999;   3.8;    -999;    1.3;   55.25;    2.9;   -1.6;   -3.4;eor
       1981;20180110;-999;-999;-999;    3;   0.0;   0;-999;   0;  -999;   6.4;    -999;    3.2;   83.25;    5.1;    0.6;   -1.5;eor
       1981;20180111;-999;-999;-999;    3;   4.4;   4;-999;   0;  -999;   6.7;    -999;    1.9;   94.75;    3.4;   -0.8;   -2.1;eor
       1981;20180112;-999;-999;-999;    3;   0.0;   0;-999;   0;  -999;   6.6;    -999;    2.0;   93.13;    3.0;    1.3;    1.2;eor
       1981;20180113;-999;-999;-999;    3;   0.0;   0;-999;   0;  -999;   5.8;    -999;    1.0;   87.25;    1.6;   -0.3;   -0.4;eor
       1981;20180114;-999;-999;-999;    3;   0.0;   0;-999;   0;  -999;   4.3;    -999;   -0.3;   72.21;    1.4;   -2.4;   -4.3;eor
       1981;20180115;-999;-999;-999;    3;   6.2;   4;-999;   0;  -999;   5.4;    -999;    1.5;   79.17;    4.6;   -2.5;   -4.3;eor
       1981;20180116;-999;-999;-999;    3;   3.8;   4;-999;   0;  -999;   6.9;    -999;    3.3;   89.17;    5.6;    1.4;    0.0;eor
       1981;20180117;-999;-999;-999;    3;   4.9;   4;-999;   0;  -999;   6.1;    -999;    1.9;   86.58;    3.2;    0.5;   -0.3;eor
       1981;20180118;-999;-999;-999;    3;  16.8;   4;-999;   0;  -999;   6.3;    -999;    1.4;   92.63;    2.6;    0.2;   -0.3;eor
       1981;20180119;-999;-999;-999;    3;   0.1;   4;-999;   2;  -999;   6.4;    -999;    1.7;   92.46;    3.0;    0.8;   -0.5;eor
       1981;20180120;-999;-999;-999;    3;   0.0;   0;-999;   1;  -999;   6.1;    -999;    1.6;   89.54;    2.9;   -0.6;   -2.2;eor
       1981;20180121;-999;-999;-999;    3;   0.0;   0;-999;   0;  -999;   5.6;    -999;   -0.7;   95.63;    0.1;   -2.1;   -4.2;eor
       1981;20180122;-999;-999;-999;    3;   1.7;   4;-999;   0;  -999;   6.0;    -999;    0.8;   92.83;    1.8;   -0.2;   -0.4;eor
       1981;20180123;-999;-999;-999;    3;   3.2;   4;-999;   0;  -999;   8.1;    -999;    5.3;   91.33;    8.2;    1.7;    1.6;eor
       1981;20180124;-999;-999;-999;    3;   2.7;   4;-999;   0;  -999;  10.9;    -999;   11.4;   81.63;   13.6;    7.8;    7.4;eor
       1981;20180125;-999;-999;-999;    3;   0.0;   4;-999;   0;  -999;   9.0;    -999;    7.6;   85.96;    8.8;    6.3;    4.1;eor
       1981;20180126;-999;-999;-999;    3;   0.0;   0;-999;   0;  -999;   8.8;    -999;    6.5;   90.46;    7.3;    4.4;    4.3;eor
       1981;20180127;-999;-999;-999;    3;   1.9;   4;-999;   0;  -999;   7.5;    -999;    5.6;   82.21;    7.1;    4.1;    3.9;eor
       1981;20180128;-999;-999;-999;    3;   3.0;   4;-999;   0;  -999;   9.4;    -999;    8.1;   86.50;   10.5;    5.5;    5.0;eor
       1981;20180129;-999;-999;-999;    3;  12.7;   4;-999;   0;  -999;   9.7;    -999;    8.5;   86.29;   10.6;    5.2;    4.0;eor
       1981;20180130;-999;-999;-999;    3;   0.0;   0;-999;   0;  -999;   6.9;    -999;    4.9;   79.67;    6.8;    2.7;    0.8;eor
       1981;20180131;-999;-999;-999;    3;   3.9;   4;-999;   0;  -999;   7.7;    -999;    5.3;   85.79;    9.2;    2.2;    0.2;eor
       1981;20180201;-999;-999;-999;    3;   0.0;   4;-999;   0;  -999;   6.0;    -999;    2.8;   80.92;    4.3;    1.3;   -0.2;eor
       1981;20180202;-999;-999;-999;    3;   1.2;   4;-999;   0;  -999;   6.7;    -999;    3.2;   86.92;    4.1;    1.3;    0.8;eor
       1981;20180203;-999;-999;-999;    3;   1.1;   4;-999;   0;  -999;   5.3;    -999;    0.0;   85.92;    1.6;   -1.0;   -1.2;eor
       1981;20180204;-999;-999;-999;    3;   1.6;   4;-999;   1;  -999;   5.5;    -999;    0.2;   88.38;    1.8;   -1.5;   -5.4;eor
       1981;20180205;-999;-999;-999;    3;   0.0;   0;-999;   0;  -999;   4.7;    -999;    0.4;   75.25;    2.5;   -3.2;   -5.6;eor
       1981;20180206;-999;-999;-999;    3;   0.0;   0;-999;   0;  -999;   3.6;    -999;   -3.2;   76.38;    0.0;   -7.3;   -9.7;eor
       1981;20180207;-999;-999;-999;    3;   0.0;   0;-999;   0;  -999;   3.2;    -999;   -4.6;   76.08;    0.8;   -8.3;  -10.8;eor
       1981;20180208;-999;-999;-999;    3;   0.0;   0;-999;   0;  -999;   3.5;    -999;   -4.0;   78.29;    1.8;   -8.5;  -10.9;eor
       1981;20180209;-999;-999;-999;    3;   0.0;   0;-999;   0;  -999;   3.9;    -999;   -2.7;   77.83;    2.5;   -6.3;   -9.4;eor
       1981;20180210;-999;-999;-999;    3;   0.1;   4;-999;   0;  -999;   4.6;    -999;   -1.6;   83.33;    3.3;   -7.5;  -10.2;eor
       1981;20180211;-999;-999;-999;    3;   2.8;   4;-999;   0;  -999;   6.0;    -999;    2.4;   82.21;    5.1;    0.7;   -0.1;eor
       1981;20180212;-999;-999;-999;    3;   2.6;   4;-999;   0;  -999;   5.6;    -999;    1.8;   81.75;    5.6;   -0.4;   -2.4;eor
       1981;20180213;-999;-999;-999;    3;   0.0;   0;-999;   2;  -999;   5.0;    -999;    1.3;   74.92;    5.7;   -2.8;   -5.4;eor
       1981;20180214;-999;-999;-999;    3;   0.0;   0;-999;   0;  -999;   4.0;    -999;    0.1;   67.83;    5.9;   -5.0;   -7.7;eor
       1981;20180215;-999;-999;-999;    3;   1.0;   4;-999;   0;  -999;   5.1;    -999;    1.1;   76.63;    3.2;   -0.1;   -1.2;eor
       1981;20180216;-999;-999;-999;    3;   0.5;   4;-999;   0;  -999;   6.2;    -999;    3.2;   80.96;    6.2;    1.1;   -0.9;eor
       1981;20180217;-999;-999;-999;    3;   0.0;   0;-999;   0;  -999;   5.6;    -999;    2.1;   79.96;    6.0;   -1.0;   -3.2;eor
       1981;20180218;-999;-999;-999;    3;   0.0;   0;-999;   0;  -999;   4.8;    -999;    1.9;   69.17;    6.5;   -2.5;   -4.9;eor
       1981;20180219;-999;-999;-999;    3;   0.0;   0;-999;   0;  -999;   5.0;    -999;    2.3;   70.29;    6.8;   -2.3;   -4.3;eor
       1981;20180220;-999;-999;-999;    3;   0.0;   0;-999;   0;  -999;   4.6;    -999;    0.4;   74.38;    5.0;   -3.5;   -5.9;eor
       1981;20180221;-999;-999;-999;    3;   0.0;   0;-999;   0;  -999;   4.2;    -999;   -0.7;   74.54;    4.2;   -4.4;   -6.7;eor
       1981;20180222;-999;-999;-999;    3;   0.0;   0;-999;   0;  -999;   4.9;    -999;   -0.3;   82.42;    3.4;   -4.1;   -6.0;eor
       1981;20180223;-999;-999;-999;    3;   0.0;   0;-999;   0;  -999;   3.6;    -999;   -0.5;   60.92;    1.5;   -2.8;   -4.9;eor
       1981;20180224;-999;-999;-999;    3;   0.0;   0;-999;   0;  -999;   3.3;    -999;   -0.8;   57.17;    2.5;   -3.6;   -5.5;eor
       1981;20180225;-999;-999;-999;    3;   1.3;   4;-999;   0;  -999;   3.5;    -999;   -4.0;   77.50;   -2.3;   -7.3;   -9.9;eor
       1981;20180226;-999;-999;-999;    3;   1.8;   4;-999;   5;  -999;   3.5;    -999;   -4.0;   76.50;   -1.5;   -6.3;   -9.8;eor
       1981;20180227;-999;-999;-999;    3;   0.1;   4;-999;   7;  -999;   3.1;    -999;   -5.0;   72.08;   -2.4;   -8.8;  -15.9;eor
       1981;20180228;-999;-999;-999;    3;   0.0;   0;-999;   9;  -999;   1.7;    -999;   -9.3;   55.13;   -6.2;  -11.8;  -15.9;eor
       1981;20180301;-999;-999;-999;    3;   0.0;   0;-999;   8;  -999;   2.0;    -999;   -7.1;   56.92;   -2.7;  -10.8;  -14.1;eor
       1981;20180302;-999;-999;-999;    3;   0.0;   0;-999;   5;  -999;   2.0;    -999;   -7.8;   59.75;   -3.3;  -11.3;  -14.5;eor
       1981;20180303;-999;-999;-999;    3;   0.0;   0;-999;   4;  -999;   2.2;    -999;   -6.4;   59.67;   -1.7;  -10.6;  -13.9;eor
       1981;20180304;-999;-999;-999;    3;   2.0;   4;-999;   3;  -999;   3.1;    -999;   -2.4;   60.46;    1.9;   -7.3;  -10.2;eor
       1981;20180305;-999;-999;-999;    3;   0.0;   0;-999;   0;  -999;   6.3;    -999;    3.9;   78.58;   11.5;   -0.5;   -2.9;eor
       1981;20180306;-999;-999;-999;    3;   0.1;   4;-999;   0;  -999;   5.7;    -999;    2.7;   77.79;    6.9;   -0.7;   -2.4;eor
       1981;20180307;-999;-999;-999;    3;   3.1;   4;-999;   0;  -999;   6.3;    -999;    1.7;   89.96;    3.2;    0.2;   -1.3;eor
       1981;20180308;-999;-999;-999;    3;   7.4;   4;-999;   0;  -999;   7.1;    -999;    4.3;   86.29;   10.2;    0.7;   -0.8;eor
       1981;20180309;-999;-999;-999;    3;   0.1;   4;-999;   0;  -999;   6.7;    -999;    4.9;   78.58;    9.6;    0.4;   -1.8;eor
       1981;20180310;-999;-999;-999;    3;   1.0;   4;-999;   0;  -999;   7.7;    -999;    4.3;   91.08;    6.7;    1.5;    0.6;eor
       1981;20180311;-999;-999;-999;    3;   2.1;   4;-999;   0;  -999;  11.1;    -999;   11.5;   82.46;   16.5;    5.9;    5.3;eor
       1981;20180312;-999;-999;-999;    3;   2.8;   4;-999;   0;  -999;  10.8;    -999;    8.5;   96.50;   11.1;    5.0;    4.3;eor
       1981;20180313;-999;-999;-999;    3;   0.7;   4;-999;   0;  -999;   8.3;    -999;    5.9;   88.92;    8.7;    3.7;    3.2;eor
       1981;20180314;-999;-999;-999;    3;   0.0;   0;-999;   0;  -999;   5.9;    -999;    3.7;   74.79;    5.8;    2.7;    2.3;eor
       1981;20180315;-999;-999;-999;    3;   0.0;   0;-999;   0;  -999;   5.8;    -999;    3.2;   74.88;    4.8;    1.4;    1.4;eor
       1981;20180316;-999;-999;-999;    3;   0.0;   0;-999;   0;  -999;   3.9;    -999;    0.4;   62.04;    2.0;   -2.2;   -2.6;eor
       1981;20180317;-999;-999;-999;    3;   0.0;   0;-999;   0;  -999;   2.3;    -999;   -2.1;   44.83;    0.5;   -3.8;   -4.8;eor
       1981;20180318;-999;-999;-999;    3;   0.0;   0;-999;   0;  -999;   2.1;    -999;   -1.9;   41.25;    2.0;   -4.8;   -5.9;eor
       1981;20180319;-999;-999;-999;    3;   0.7;   4;-999;   0;  -999;   2.7;    -999;   -0.2;   47.75;    5.0;   -4.4;   -6.8;eor
       1981;20180320;-999;-999;-999;    3;   0.0;   0;-999;   0;  -999;   4.5;    -999;    2.4;   63.58;    6.5;   -3.2;   -6.5;eor
       1981;20180321;-999;-999;-999;    3;   1.6;   4;-999;   0;  -999;   5.4;    -999;    1.3;   79.38;    6.2;   -4.6;   -7.4;eor
       1981;20180322;-999;-999;-999;    3;   1.4;   4;-999;   0;  -999;   7.1;    -999;    3.5;   89.92;    6.3;    1.1;    0.2;eor
       1981;20180323;-999;-999;-999;    3;   0.0;   4;-999;   0;  -999;   7.2;    -999;    4.7;   84.54;    7.8;    1.6;    1.4;eor
       1981;20180324;-999;-999;-999;    3;   0.0;   0;-999;   0;  -999;   7.1;    -999;    6.9;   72.08;   10.2;    4.3;    3.8;eor
       1981;20180325;-999;-999;-999;    3;   0.0;   0;-999;   0;  -999;   6.5;    -999;    7.5;   63.54;   10.7;    4.9;    3.7;eor
       1981;20180326;-999;-999;-999;    3;   0.0;   0;-999;   0;  -999;   6.6;    -999;    3.3;   85.79;    6.4;    0.4;   -2.3;eor
       1981;20180327;-999;-999;-999;    3;   0.8;   4;-999;   0;  -999;   5.8;    -999;    5.2;   68.75;    9.9;    0.1;    0.1;eor
       1981;20180328;-999;-999;-999;    3;  18.6;   4;-999;   0;  -999;   6.3;    -999;    2.7;   85.67;    4.8;    0.3;    0.0;eor
       1981;20180329;-999;-999;-999;    3;   0.0;   4;-999;   2;  -999;   6.1;    -999;    1.7;   88.08;    5.4;   -1.7;   -3.6;eor
       1981;20180330;-999;-999;-999;    3;   0.0;   0;-999;   0;  -999;   5.8;    -999;    3.1;   77.04;    9.3;   -2.7;   -4.7;eor
       1981;20180331;-999;-999;-999;    3;   7.8;   4;-999;   0;  -999;   5.9;    -999;    2.0;   83.46;    3.6;    0.5;    0.1;eor
       1981;20180401;-999;-999;-999;    3;   0.0;   0;-999;   0;  -999;   5.7;    -999;    2.3;   79.58;    6.0;    0.7;   -0.6;eor
       1981;20180402;-999;-999;-999;    3;   2.4;   4;-999;   0;  -999;   5.8;    -999;    4.8;   69.17;    9.4;   -1.5;   -4.3;eor
       1981;20180403;-999;-999;-999;    3;   0.4;   4;-999;   0;  -999;  10.4;    -999;   12.4;   73.58;   18.0;    6.0;    5.4;eor
       1981;20180404;-999;-999;-999;    3;   1.9;   4;-999;   0;  -999;   9.7;    -999;   13.1;   65.04;   17.2;   10.2;    7.3;eor
       1981;20180405;-999;-999;-999;    3;   1.3;   4;-999;   0;  -999;   8.6;    -999;    7.8;   79.58;   11.8;    3.2;    1.0;eor
       1981;20180406;-999;-999;-999;    3;   0.0;   0;-999;   0;  -999;   5.9;    -999;    7.6;   60.42;   13.9;    1.5;   -0.3;eor
       1981;20180407;-999;-999;-999;    3;   0.0;   0;-999;   0;  -999;   6.3;    -999;   12.9;   43.17;   20.1;    4.9;    1.8;eor
       1981;20180408;-999;-999;-999;    3;   0.0;   0;-999;   0;  -999;   8.7;    -999;   16.2;   49.63;   24.9;    6.2;    2.2;eor
       1981;20180409;-999;-999;-999;    3;   0.0;   0;-999;   0;  -999;  10.1;    -999;   15.7;   58.46;   22.5;    8.5;    4.7;eor
       1981;20180410;-999;-999;-999;    3;   0.8;   4;-999;   0;  -999;   9.7;    -999;   12.3;   68.25;   18.8;    6.8;    5.7;eor
       1981;20180411;-999;-999;-999;    3;   0.0;   0;-999;   0;  -999;   8.3;    -999;    7.6;   79.58;   11.1;    5.2;    4.2;eor
       1981;20180412;-999;-999;-999;    3;   0.9;   4;-999;   0;  -999;   9.5;    -999;   11.2;   71.58;   18.8;    5.1;    4.0;eor
       1981;20180413;-999;-999;-999;    3;   3.2;   4;-999;   0;  -999;  11.9;    -999;   12.7;   80.29;   17.6;    8.9;    8.3;eor
       1981;20180414;-999;-999;-999;    3;  13.2;   4;-999;   0;  -999;  10.7;    -999;    8.9;   93.21;    9.7;    8.3;    8.0;eor
       1981;20180415;-999;-999;-999;    3;   3.4;   4;-999;   0;  -999;  11.0;    -999;    9.5;   92.58;   12.5;    6.6;    4.8;eor
       1981;20180416;-999;-999;-999;    3;   2.4;   4;-999;   0;  -999;  11.6;    -999;   11.6;   84.88;   18.6;    6.8;    3.6;eor
       1981;20180417;-999;-999;-999;    3;   0.0;   0;-999;   0;  -999;   9.4;    -999;   12.8;   66.46;   19.5;    3.5;    0.9;eor
       1981;20180418;-999;-999;-999;    3;   0.0;   0;-999;   0;  -999;  11.3;    -999;   16.6;   62.21;   23.5;    7.6;    4.2;eor
       1981;20180419;-999;-999;-999;    3;   0.0;   0;-999;   0;  -999;  12.3;    -999;   19.7;   56.58;   26.7;   12.1;    9.6;eor
       1981;20180420;-999;-999;-999;    3;   0.0;   0;-999;   0;  -999;  11.7;    -999;   19.9;   53.63;   28.4;   11.5;    8.1;eor
       1981;20180421;-999;-999;-999;    3;   0.0;   0;-999;   0;  -999;   9.5;    -999;   13.1;   64.88;   18.9;    6.3;    2.9;eor
       1981;20180422;-999;-999;-999;    3;   0.0;   0;-999;   0;  -999;   9.8;    -999;   14.9;   61.04;   22.6;    3.8;    1.0;eor
       1981;20180423;-999;-999;-999;    3;   0.0;   0;-999;   0;  -999;  11.4;    -999;   14.4;   69.33;   18.2;    8.5;    5.1;eor
       1981;20180424;-999;-999;-999;    3;   9.4;   4;-999;   0;  -999;  10.2;    -999;   10.6;   79.29;   12.7;    8.2;    7.4;eor
       1981;20180425;-999;-999;-999;    3;   4.4;   4;-999;   0;  -999;  10.2;    -999;   10.4;   80.88;   15.0;    6.0;    3.6;eor
       1981;20180426;-999;-999;-999;    3;   5.1;   4;-999;   0;  -999;   9.3;    -999;    8.3;   85.38;   12.6;    5.9;    3.9;eor
       1981;20180427;-999;-999;-999;    3;   0.0;   0;-999;   0;  -999;   8.0;    -999;   11.0;   62.63;   15.9;    6.2;    4.2;eor
       1981;20180428;-999;-999;-999;    3;   0.0;   0;-999;   0;  -999;   9.8;    -999;   13.2;   66.46;   18.3;    6.6;    4.4;eor
       1981;20180429;-999;-999;-999;    3;   0.0;   0;-999;   0;  -999;  10.9;    -999;   14.6;   67.42;   20.3;    8.5;    6.0;eor
       1981;20180430;-999;-999;-999;    3;   1.1;   4;-999;   0;  -999;  11.1;    -999;   14.2;   68.54;   18.0;    9.3;    5.5;eor
       1981;20180501;-999;-999;-999;    3;   2.7;   4;-999;-999;  -999;   7.7;    -999;    8.4;   70.17;   12.1;    5.4;    1.6;eor
       1981;20180502;-999;-999;-999;    3;   0.0;   0;-999;-999;  -999;   6.9;    -999;   11.3;   54.25;   18.1;    0.9;   -2.1;eor
       1981;20180503;-999;-999;-999;    3;   0.0;   0;-999;-999;  -999;   8.0;    -999;   11.0;   62.71;   15.8;    4.0;    0.9;eor
       1981;20180504;-999;-999;-999;    3;   0.0;   0;-999;-999;  -999;   7.1;    -999;   10.8;   58.92;   17.5;    2.0;   -0.7;eor
       1981;20180505;-999;-999;-999;    3;   0.0;   0;-999;-999;  -999;   7.5;    -999;   13.1;   53.25;   20.6;    3.5;    0.4;eor
       1981;20180506;-999;-999;-999;    3;   0.0;   0;-999;-999;  -999;   9.7;    -999;   16.5;   54.79;   23.8;    8.4;    4.9;eor
       1981;20180507;-999;-999;-999;    3;   0.0;   0;-999;-999;  -999;  10.7;    -999;   18.1;   55.88;   25.3;    8.9;    4.7;eor
       1981;20180508;-999;-999;-999;    3;   0.0;   0;-999;-999;  -999;  10.6;    -999;   19.8;   49.58;   26.8;   12.6;    9.6;eor
       1981;20180509;-999;-999;-999;    3;   0.0;   0;-999;-999;  -999;  11.9;    -999;   21.4;   48.13;   28.0;   13.9;   11.7;eor
       1981;20180510;-999;-999;-999;    3;   0.5;   4;-999;-999;  -999;  13.4;    -999;   17.4;   67.96;   26.2;   11.7;   11.5;eor
       1981;20180511;-999;-999;-999;    3;   0.0;   0;-999;-999;  -999;  10.9;    -999;   15.0;   64.92;   19.6;   10.8;    9.9;eor
       1981;20180512;-999;-999;-999;    3;   0.0;   0;-999;-999;  -999;  11.8;    -999;   17.6;   60.58;   22.8;   13.3;   12.9;eor
       1981;20180513;-999;-999;-999;    3;   0.0;   0;-999;-999;  -999;  13.4;    -999;   20.9;   56.71;   27.8;   14.4;   11.2;eor
       1981;20180514;-999;-999;-999;    3;   0.0;   0;-999;-999;  -999;  11.8;    -999;   20.8;   50.00;   28.1;   13.4;    8.8;eor
       1981;20180515;-999;-999;-999;    3;   0.7;   4;-999;-999;  -999;  10.0;    -999;   18.9;   48.96;   24.6;   11.1;    7.1;eor
       1981;20180516;-999;-999;-999;    3;   0.0;   0;-999;-999;  -999;  12.3;    -999;   18.7;   60.33;   26.0;   11.1;   10.4;eor
       1981;20180517;-999;-999;-999;    3;   0.0;   0;-999;-999;  -999;  10.4;    -999;   12.0;   74.58;   14.9;   10.6;    9.9;eor
       1981;20180518;-999;-999;-999;    3;   0.0;   0;-999;-999;  -999;  10.3;    -999;   11.6;   75.50;   13.6;   10.3;    7.5;eor
       1981;20180519;-999;-999;-999;    3;   0.0;   0;-999;-999;  -999;  10.8;    -999;   13.9;   68.92;   18.8;   10.3;    6.8;eor
       1981;20180520;-999;-999;-999;    3;   0.0;   0;-999;-999;  -999;   7.7;    -999;   17.0;   43.17;   23.0;   10.4;    7.7;eor
       1981;20180521;-999;-999;-999;    3;   0.0;   0;-999;-999;  -999;   8.8;    -999;   18.5;   43.79;   25.1;    9.4;    5.8;eor
       1981;20180522;-999;-999;-999;    3;   0.0;   0;-999;-999;  -999;   9.7;    -999;   19.2;   46.33;   25.8;   11.6;    7.5;eor
       1981;20180523;-999;-999;-999;    3;   0.0;   0;-999;-999;  -999;   9.6;    -999;   19.3;   44.58;   25.8;   12.9;    8.4;eor
       1981;20180524;-999;-999;-999;    3;   0.0;   0;-999;-999;  -999;  10.3;    -999;   20.2;   44.71;   26.6;   13.4;   11.4;eor
       1981;20180525;-999;-999;-999;    3;   0.0;   0;-999;-999;  -999;  11.4;    -999;   19.9;   50.67;   27.7;   13.8;   11.7;eor
       1981;20180526;-999;-999;-999;    3;   0.0;   0;-999;-999;  -999;  12.3;    -999;   19.8;   56.17;   27.5;   12.6;   10.3;eor
       1981;20180527;-999;-999;-999;    3;   0.0;   0;-999;-999;  -999;  14.7;    -999;   18.9;   68.58;   25.6;   13.1;    9.3;eor
       1981;20180528;-999;-999;-999;    3;   0.0;   0;-999;-999;  -999;  17.2;    -999;   23.3;   60.50;   29.7;   17.4;   16.6;eor
       1981;20180529;-999;-999;-999;    3;   0.0;   0;-999;-999;  -999;  14.6;    -999;   26.2;   45.67;   32.7;   19.5;   16.1;eor
       1981;20180530;-999;-999;-999;    3;   0.1;   4;-999;-999;  -999;  15.8;    -999;   23.8;   53.50;   30.1;   18.8;   15.8;eor
       1981;20180531;-999;-999;-999;    3;   0.0;   0;-999;-999;  -999;  16.5;    -999;   24.2;   56.83;   31.5;   16.5;   13.7;eor
       1981;20180601;-999;-999;-999;    3;  16.8;   4;-999;-999;  -999;  17.2;    -999;   22.5;   64.79;   30.7;   18.0;   17.2;eor
       1981;20180602;-999;-999;-999;    3;   5.5;   4;-999;-999;  -999;  19.2;    -999;   18.5;   90.13;   19.3;   16.9;   16.6;eor
       1981;20180603;-999;-999;-999;    3;   0.0;   0;-999;-999;  -999;  17.2;    -999;   18.8;   79.67;   22.2;   14.9;   13.1;eor
       1981;20180604;-999;-999;-999;    3;   0.0;   0;-999;-999;  -999;  15.5;    -999;   16.6;   82.42;   18.4;   14.7;   13.0;eor
       1981;20180605;-999;-999;-999;    3;   0.0;   0;-999;-999;  -999;  13.6;    -999;   19.0;   63.33;   25.3;   14.2;   13.6;eor
       1981;20180606;-999;-999;-999;    3;   0.0;   0;-999;-999;  -999;  10.3;    -999;   20.3;   45.04;   26.2;   14.1;   12.3;eor
       1981;20180607;-999;-999;-999;    3;   0.0;   0;-999;-999;  -999;  10.9;    -999;   21.5;   42.92;   28.3;   14.8;   12.8;eor
       1981;20180608;-999;-999;-999;    3;   0.0;   0;-999;-999;  -999;  14.3;    -999;   23.1;   53.38;   30.2;   14.5;   12.6;eor
       1981;20180609;-999;-999;-999;    3;   2.2;   4;-999;-999;  -999;  13.2;    -999;   23.6;   47.92;   29.9;   18.1;   16.6;eor
       1981;20180610;-999;-999;-999;    3;   0.0;   0;-999;-999;  -999;  15.8;    -999;   19.2;   71.13;   22.5;   15.6;   15.1;eor
       1981;20180611;-999;-999;-999;    3;   0.0;   0;-999;-999;  -999;  12.4;    -999;   17.0;   64.46;   21.6;   12.9;   11.8;eor
       1981;20180612;-999;-999;-999;    3;   0.8;   4;-999;-999;  -999;  11.6;    -999;   15.2;   67.04;   18.1;   12.6;   11.8;eor
       1981;20180613;-999;-999;-999;    3;   0.0;   0;-999;-999;  -999;  11.2;    -999;   14.5;   69.04;   17.9;   11.7;   11.4;eor
       1981;20180614;-999;-999;-999;    3;   1.4;   4;-999;-999;  -999;  11.8;    -999;   17.0;   63.46;   23.5;   11.3;    9.2;eor
       1981;20180615;-999;-999;-999;    3;   0.0;   0;-999;-999;  -999;  11.7;    -999;   18.5;   57.46;   23.2;   13.7;   12.0;eor
       1981;20180616;-999;-999;-999;    3;   2.4;   4;-999;-999;  -999;  13.5;    -999;   19.9;   59.08;   25.7;   14.2;   13.0;eor
       1981;20180617;-999;-999;-999;    3;   0.8;   4;-999;-999;  -999;  13.9;    -999;   17.6;   70.42;   22.0;   13.6;   12.7;eor
       1981;20180618;-999;-999;-999;    3;   0.9;   4;-999;-999;  -999;  14.9;    -999;   17.2;   76.88;   21.7;   12.9;   11.9;eor
       1981;20180619;-999;-999;-999;    3;   0.6;   4;-999;-999;  -999;  15.0;    -999;   17.4;   75.08;   21.4;   13.0;   10.4;eor
       1981;20180620;-999;-999;-999;    3;   5.4;   4;-999;-999;  -999;  15.2;    -999;   20.1;   66.54;   27.5;   10.3;    9.0;eor
       1981;20180621;-999;-999;-999;    3;  13.0;   4;-999;-999;  -999;  12.7;    -999;   13.9;   78.54;   18.1;    9.7;    8.9;eor
       1981;20180622;-999;-999;-999;    3;   1.7;   4;-999;-999;  -999;  10.9;    -999;   12.8;   75.42;   18.1;    9.0;    8.8;eor
       1981;20180623;-999;-999;-999;    3;   4.6;   4;-999;-999;  -999;  12.4;    -999;   12.3;   86.54;   15.2;   10.6;   10.3;eor
       1981;20180624;-999;-999;-999;    3;   1.6;   4;-999;-999;  -999;  12.9;    -999;   13.2;   84.88;   16.0;   11.3;   10.8;eor
       1981;20180625;-999;-999;-999;    3;   0.6;   4;-999;-999;  -999;  13.6;    -999;   14.3;   83.42;   18.1;   12.5;   11.9;eor
       1981;20180626;-999;-999;-999;    3;   0.0;   0;-999;-999;  -999;  14.5;    -999;   16.4;   78.46;   22.2;   12.7;   10.8;eor
       1981;20180627;-999;-999;-999;    3;   0.0;   0;-999;-999;  -999;  13.0;    -999;   19.4;   61.46;   25.9;   11.8;    9.8;eor
       1981;20180628;-999;-999;-999;    3;   0.0;   0;-999;-999;  -999;  12.9;    -999;   20.8;   55.54;   26.9;   13.8;   10.6;eor
       1981;20180629;-999;-999;-999;    3;   0.0;   0;-999;-999;  -999;  14.2;    -999;   20.3;   61.08;   27.0;   13.5;   10.6;eor
       1981;20180630;-999;-999;-999;    3;   0.0;   0;-999;-999;  -999;  10.4;    -999;   19.3;   49.00;   24.5;   13.1;   10.1;eor
       1981;20180701;-999;-999;-999;    3;   0.0;   0;-999;-999;  -999;   8.9;    -999;   18.5;   44.13;   23.8;   12.2;    9.1;eor
       1981;20180702;-999;-999;-999;    3;   0.0;   0;-999;-999;  -999;   9.9;    -999;   18.8;   48.08;   25.4;   10.5;    6.9;eor
       1981;20180703;-999;-999;-999;    3;   0.0;   0;-999;-999;  -999;  12.2;    -999;   18.4;   60.92;   25.6;    9.4;    8.1;eor
       1981;20180704;-999;-999;-999;    3;   0.0;   0;-999;-999;  -999;  12.9;    -999;   18.3;   64.58;   26.9;    8.7;    6.8;eor
       1981;20180705;-999;-999;-999;    3;   0.0;   4;-999;-999;  -999;  14.5;    -999;   17.4;   74.00;   21.7;   13.3;   11.4;eor
       1981;20180706;-999;-999;-999;    3;   0.0;   4;-999;-999;  -999;  12.6;    -999;   17.0;   66.29;   22.4;   12.7;   11.4;eor
       1981;20180707;-999;-999;-999;    3;   0.0;   0;-999;-999;  -999;  12.2;    -999;   16.8;   65.63;   21.6;   12.7;   11.1;eor
       1981;20180708;-999;-999;-999;    3;   0.0;   0;-999;-999;  -999;  13.2;    -999;   17.5;   67.67;   23.9;   12.1;   10.0;eor
       1981;20180709;-999;-999;-999;    3;   0.9;   4;-999;-999;  -999;  12.8;    -999;   15.5;   73.58;   21.1;   11.7;    9.9;eor
       1981;20180710;-999;-999;-999;    3;   3.2;   4;-999;-999;  -999;  12.2;    -999;   15.8;   70.00;   19.9;   11.6;   10.9;eor
       1981;20180711;-999;-999;-999;    3;  32.9;   4;-999;-999;  -999;  17.0;    -999;   16.5;   89.96;   19.3;   13.7;   11.1;eor
       1981;20180712;-999;-999;-999;    3;   0.1;   4;-999;-999;  -999;  16.3;    -999;   19.2;   75.54;   26.2;   14.2;   13.0;eor
       1981;20180713;-999;-999;-999;    3;   0.0;   0;-999;-999;  -999;  14.6;    -999;   17.2;   74.92;   22.3;   13.4;   11.6;eor
       1981;20180714;-999;-999;-999;    3;   0.0;   0;-999;-999;  -999;  13.1;    -999;   16.3;   71.25;   20.5;   11.4;    9.5;eor
       1981;20180715;-999;-999;-999;    3;   0.0;   0;-999;-999;  -999;  13.7;    -999;   18.2;   68.08;   25.3;    9.2;    7.5;eor
       1981;20180716;-999;-999;-999;    3;   0.0;   0;-999;-999;  -999;  13.9;    -999;   21.1;   59.04;   27.9;   12.4;   10.5;eor
       1981;20180717;-999;-999;-999;    3;   0.0;   0;-999;-999;  -999;  14.6;    -999;   22.5;   57.83;   29.9;   12.8;   11.5;eor
       1981;20180718;-999;-999;-999;    3;   0.0;   0;-999;-999;  -999;  15.2;    -999;   19.3;   69.38;   24.7;   14.0;   11.4;eor
       1981;20180719;-999;-999;-999;    3;   0.0;   0;-999;-999;  -999;  12.9;    -999;   18.9;   61.67;   25.3;   12.0;    9.2;eor
       1981;20180720;-999;-999;-999;    3;   0.0;   0;-999;-999;  -999;  11.1;    -999;   20.1;   50.50;   26.4;   13.2;   10.9;eor
       1981;20180721;-999;-999;-999;    3;   0.0;   0;-999;-999;  -999;  12.3;    -999;   21.9;   47.54;   26.7;   14.9;   12.2;eor
       1981;20180722;-999;-999;-999;    3;   0.0;   0;-999;-999;  -999;  14.9;    -999;   22.1;   57.54;   28.3;   15.9;   13.4;eor
       1981;20180723;-999;-999;-999;    3;   0.0;   0;-999;-999;  -999;  16.0;    -999;   21.1;   66.25;   27.6;   14.1;   11.3;eor
       1981;20180724;-999;-999;-999;    3;   0.0;   0;-999;-999;  -999;  16.8;    -999;   25.5;   54.83;   32.5;   15.5;   14.2;eor
       1981;20180725;-999;-999;-999;    3;   0.1;   4;-999;-999;  -999;  18.2;    -999;   27.0;   52.88;   33.8;   21.2;   18.3;eor
       1981;20180726;-999;-999;-999;    3;   0.0;   0;-999;-999;  -999;  17.6;    -999;   27.4;   51.92;   34.4;   18.7;   16.1;eor
       1981;20180727;-999;-999;-999;    3;   0.0;   0;-999;-999;  -999;  17.5;    -999;   27.0;   50.88;   33.1;   21.2;   17.2;eor
       1981;20180728;-999;-999;-999;    3;  10.3;   4;-999;-999;  -999;  19.4;    -999;   23.4;   70.67;   32.9;   18.1;   17.1;eor
       1981;20180729;-999;-999;-999;    3;   0.0;   0;-999;-999;  -999;  15.3;    -999;   22.6;   58.88;   29.4;   14.6;   13.2;eor
       1981;20180730;-999;-999;-999;    3;   0.0;   0;-999;-999;  -999;  17.1;    -999;   26.1;   51.71;   31.8;   19.8;   18.3;eor
       1981;20180731;-999;-999;-999;    3;   0.7;   4;-999;-999;  -999;  17.4;    -999;   26.7;   51.29;   34.9;   19.7;   18.9;eor
       1981;20180801;-999;-999;-999;    3;   0.0;   0;-999;-999;  -999;  16.4;    -999;   22.7;   61.67;   28.2;   18.6;   17.7;eor
       1981;20180802;-999;-999;-999;    3;   0.0;   0;-999;-999;  -999;  14.5;    -999;   24.7;   48.83;   30.9;   17.3;   16.5;eor
       1981;20180803;-999;-999;-999;    3;   0.0;   0;-999;-999;  -999;  16.3;    -999;   25.9;   50.29;   33.1;   18.8;   16.1;eor
       1981;20180804;-999;-999;-999;    3;   0.0;   0;-999;-999;  -999;  18.0;    -999;   23.2;   64.71;   29.7;   18.2;   16.9;eor
       1981;20180805;-999;-999;-999;    3;   0.0;   0;-999;-999;  -999;  14.6;    -999;   19.8;   64.08;   23.7;   15.6;   13.7;eor
       1981;20180806;-999;-999;-999;    3;   0.0;   0;-999;-999;  -999;  13.6;    -999;   22.4;   55.46;   31.1;   12.3;   10.6;eor
       1981;20180807;-999;-999;-999;    3;   0.0;   0;-999;-999;  -999;  13.3;    -999;   26.5;   41.25;   35.6;   17.2;   14.4;eor
       1981;20180808;-999;-999;-999;    3;   0.0;   0;-999;-999;  -999;  16.8;    -999;   25.3;   53.29;   31.9;   18.4;   15.6;eor
       1981;20180809;-999;-999;-999;    3;  10.5;   4;-999;-999;  -999;  17.5;    -999;   22.2;   68.54;   31.2;   15.6;   13.0;eor
       1981;20180810;-999;-999;-999;    3;   1.4;   4;-999;-999;  -999;  12.8;    -999;   19.0;   58.83;   23.6;   15.1;   13.1;eor
       1981;20180811;-999;-999;-999;    3;   2.4;   4;-999;-999;  -999;  12.2;    -999;   16.0;   68.17;   21.1;   12.7;   11.6;eor
       1981;20180812;-999;-999;-999;    3;   0.0;   0;-999;-999;  -999;  12.4;    -999;   18.3;   60.67;   22.7;   12.5;   10.8;eor
       1981;20180813;-999;-999;-999;    3;   2.2;   4;-999;-999;  -999;  14.5;    -999;   20.7;   62.17;   28.4;   16.5;   15.5;eor
       1981;20180814;-999;-999;-999;    3;   1.1;   4;-999;-999;  -999;  17.2;    -999;   18.9;   78.79;   23.7;   16.4;   15.7;eor
       1981;20180815;-999;-999;-999;    3;   0.0;   0;-999;-999;  -999;  16.2;    -999;   19.5;   72.25;   23.6;   15.7;   14.0;eor
       1981;20180816;-999;-999;-999;    3;   0.0;   0;-999;-999;  -999;  16.0;    -999;   22.4;   61.50;   29.1;   16.2;   13.4;eor
       1981;20180817;-999;-999;-999;    3;   0.0;   0;-999;-999;  -999;  15.5;    -999;   17.5;   77.96;   21.0;   12.5;    9.7;eor
       1981;20180818;-999;-999;-999;    3;   0.0;   0;-999;-999;  -999;  12.9;    -999;   18.5;   64.25;   25.6;    9.4;    7.6;eor
       1981;20180819;-999;-999;-999;    3;   0.0;   0;-999;-999;  -999;  14.9;    -999;   20.8;   62.67;   27.0;   15.2;   12.8;eor
       1981;20180820;-999;-999;-999;    3;   0.1;   4;-999;-999;  -999;  16.6;    -999;   19.5;   73.67;   23.8;   14.9;   12.0;eor
       1981;20180821;-999;-999;-999;    3;   0.0;   0;-999;-999;  -999;  13.4;    -999;   19.0;   62.46;   24.5;   14.2;   12.4;eor
       1981;20180822;-999;-999;-999;    3;   0.0;   0;-999;-999;  -999;  12.7;    -999;   22.0;   50.79;   30.6;   13.7;   11.9;eor
       1981;20180823;-999;-999;-999;    3;   0.1;   4;-999;-999;  -999;  17.1;    -999;   21.1;   69.96;   28.2;   15.9;   13.0;eor
       1981;20180824;-999;-999;-999;    3;   0.8;   4;-999;-999;  -999;  13.0;    -999;   16.8;   68.63;   22.5;   11.4;    9.9;eor
       1981;20180825;-999;-999;-999;    3;   6.7;   4;-999;-999;  -999;  11.6;    -999;   12.1;   81.88;   14.9;    9.8;    7.3;eor
       1981;20180826;-999;-999;-999;    3;   0.8;   4;-999;-999;  -999;  10.0;    -999;   14.5;   63.54;   19.6;    9.0;    7.8;eor
       1981;20180827;-999;-999;-999;    3;   1.7;   4;-999;-999;  -999;  12.9;    -999;   15.8;   71.25;   21.1;   12.3;   11.0;eor
       1981;20180828;-999;-999;-999;    3;   0.0;   0;-999;-999;  -999;  13.7;    -999;   17.1;   71.50;   21.6;   12.7;    9.9;eor
       1981;20180829;-999;-999;-999;    3;   8.5;   4;-999;-999;  -999;  13.7;    -999;   19.3;   64.50;   26.7;   12.2;    9.7;eor
       1981;20180830;-999;-999;-999;    3;   2.9;   4;-999;-999;  -999;  15.6;    -999;   16.3;   83.67;   18.5;   12.0;    9.9;eor
       1981;20180831;-999;-999;-999;    3;   0.0;   0;-999;-999;  -999;  11.9;    -999;   15.1;   70.92;   20.0;    9.7;    6.8;eor
       1981;20180901;-999;-999;-999;    3;   0.0;   0;-999;-999;  -999;  12.5;    -999;   15.6;   73.54;   22.3;    9.3;    7.9;eor
       1981;20180902;-999;-999;-999;    3;   0.0;   0;-999;-999;  -999;  13.5;    -999;   16.8;   72.42;   23.4;    7.7;    6.0;eor
       1981;20180903;-999;-999;-999;    3;   0.0;   0;-999;-999;  -999;  17.3;    -999;   21.4;   69.46;   28.3;   16.7;   14.5;eor
       1981;20180904;-999;-999;-999;    3;   0.0;   0;-999;-999;  -999;  15.6;    -999;   19.2;   71.58;   25.1;   15.2;   12.5;eor
       1981;20180905;-999;-999;-999;    3;   0.0;   0;-999;-999;  -999;  15.3;    -999;   18.0;   76.04;   24.0;   13.0;   10.0;eor
       1981;20180906;-999;-999;-999;    3;   3.0;   4;-999;-999;  -999;  15.8;    -999;   19.0;   74.13;   25.7;   14.3;   12.4;eor
       1981;20180907;-999;-999;-999;    3;   2.3;   4;-999;-999;  -999;  14.7;    -999;   15.6;   82.54;   20.3;   10.2;    7.7;eor
       1981;20180908;-999;-999;-999;    3;   0.0;   0;-999;-999;  -999;  10.8;    -999;   15.4;   62.33;   20.7;   10.3;    8.8;eor
       1981;20180909;-999;-999;-999;    3;   0.0;   0;-999;-999;  -999;  12.0;    -999;   17.9;   59.92;   23.8;   13.5;   11.5;eor
       1981;20180910;-999;-999;-999;    3;   0.2;   4;-999;-999;  -999;  13.2;    -999;   18.7;   61.42;   23.1;   15.4;   13.6;eor
       1981;20180911;-999;-999;-999;    3;   0.7;   4;-999;-999;  -999;  15.1;    -999;   19.0;   68.75;   22.7;   15.9;   14.9;eor
       1981;20180912;-999;-999;-999;    3;   0.6;   4;-999;-999;  -999;  14.4;    -999;   14.5;   87.00;   17.9;   12.5;   11.1;eor
       1981;20180913;-999;-999;-999;    3;   0.0;   0;-999;-999;  -999;  11.6;    -999;   14.2;   73.71;   20.0;    8.2;    5.5;eor
       1981;20180914;-999;-999;-999;    3;   0.0;   0;-999;-999;  -999;  10.1;    -999;   13.8;   66.92;   20.4;    5.7;    3.3;eor
       1981;20180915;-999;-999;-999;    3;   0.6;   4;-999;-999;  -999;  12.3;    -999;   14.8;   73.21;   20.0;   12.2;    9.4;eor
       1981;20180916;-999;-999;-999;    3;   0.0;   0;-999;-999;  -999;  11.8;    -999;   15.6;   69.38;   22.4;    9.5;    7.0;eor
       1981;20180917;-999;-999;-999;    3;   0.0;   0;-999;-999;  -999;  11.1;    -999;   16.6;   63.33;   25.3;    8.7;    6.3;eor
       1981;20180918;-999;-999;-999;    3;   0.0;   0;-999;-999;  -999;  12.7;    -999;   22.3;   50.50;   31.7;   11.2;    9.5;eor
       1981;20180919;-999;-999;-999;    3;   0.0;   0;-999;-999;  -999;  14.6;    -999;   20.9;   61.13;   27.3;   15.7;   11.2;eor
       1981;20180920;-999;-999;-999;    3;   0.0;   0;-999;-999;  -999;  14.0;    -999;   20.9;   57.25;   26.0;   17.9;   14.2;eor
       1981;20180921;-999;-999;-999;    3;   5.1;   4;-999;-999;  -999;  11.9;    -999;   17.2;   60.54;   24.4;    9.8;    8.5;eor
       1981;20180922;-999;-999;-999;    3;   1.2;   4;-999;-999;  -999;  10.5;    -999;   11.8;   76.38;   17.4;    9.1;    7.8;eor
       1981;20180923;-999;-999;-999;    3;   1.7;   4;-999;-999;  -999;  10.7;    -999;   10.3;   85.88;   13.4;    8.3;    6.8;eor
       1981;20180924;-999;-999;-999;    3;   1.7;   4;-999;-999;  -999;   8.6;    -999;    8.8;   76.83;   12.5;    5.1;    2.2;eor
       1981;20180925;-999;-999;-999;    3;   0.0;   0;-999;-999;  -999;   8.5;    -999;    9.8;   71.54;   15.5;    2.2;   -0.1;eor
       1981;20180926;-999;-999;-999;    3;   0.0;   0;-999;-999;  -999;   9.3;    -999;   13.7;   59.92;   17.8;    9.1;    7.5;eor
       1981;20180927;-999;-999;-999;    3;   0.2;   4;-999;-999;  -999;  14.0;    -999;   17.5;   70.46;   22.4;   13.9;   12.5;eor
       1981;20180928;-999;-999;-999;    3;   0.0;   0;-999;-999;  -999;   9.0;    -999;   12.4;   63.13;   16.1;    5.6;    1.8;eor
       1981;20180929;-999;-999;-999;    3;   0.0;   0;-999;-999;  -999;   8.2;    -999;    9.2;   72.00;   15.4;    2.3;    0.4;eor
       1981;20180930;-999;-999;-999;    3;   0.7;   4;-999;-999;  -999;   8.5;    -999;   10.9;   66.67;   17.4;    4.5;    1.9;eor
       1981;20181001;-999;-999;-999;    3;   3.1;   4;-999;   0;  -999;  10.0;    -999;    9.6;   83.38;   12.9;    6.5;    4.9;eor
       1981;20181002;-999;-999;-999;    3;   7.5;   4;-999;   0;  -999;   9.6;    -999;    8.7;   85.08;   11.9;    5.6;    4.4;eor
       1981;20181003;-999;-999;-999;    3;   1.3;   4;-999;   0;  -999;  10.1;    -999;   10.9;   77.88;   14.8;    8.3;    6.7;eor
       1981;20181004;-999;-999;-999;    3;   0.3;   4;-999;   0;  -999;  12.2;    -999;   12.6;   83.08;   15.9;    8.2;    6.3;eor
       1981;20181005;-999;-999;-999;    3;   0.0;   0;-999;   0;  -999;  11.7;    -999;   15.8;   66.17;   21.8;    9.4;    6.7;eor
       1981;20181006;-999;-999;-999;    3;   2.0;   4;-999;   0;  -999;  11.8;    -999;   13.9;   76.42;   21.7;    6.3;    4.0;eor
       1981;20181007;-999;-999;-999;    3;   0.0;   0;-999;   0;  -999;   9.0;    -999;    9.7;   76.21;   14.2;    3.5;    1.6;eor
       1981;20181008;-999;-999;-999;    3;   0.0;   0;-999;   0;  -999;   8.7;    -999;    9.4;   75.17;   15.8;    2.6;    0.7;eor
       1981;20181009;-999;-999;-999;    3;   0.0;   0;-999;   0;  -999;   9.8;    -999;   12.4;   70.17;   19.1;    7.0;    4.3;eor
       1981;20181010;-999;-999;-999;    3;   0.0;   0;-999;   0;  -999;  11.9;    -999;   13.0;   79.17;   21.5;    4.4;    1.3;eor
       1981;20181011;-999;-999;-999;    3;   0.0;   0;-999;   0;  -999;  12.4;    -999;   16.0;   69.58;   22.4;   11.6;    8.4;eor
       1981;20181012;-999;-999;-999;    3;   0.0;   0;-999;   0;  -999;  13.0;    -999;   17.8;   64.96;   25.0;   10.8;    7.8;eor
       1981;20181013;-999;-999;-999;    3;   0.0;   0;-999;   0;  -999;  13.5;    -999;   20.5;   57.63;   27.9;   12.7;   10.6;eor
       1981;20181014;-999;-999;-999;    3;   0.0;   0;-999;   0;  -999;  11.4;    -999;   17.1;   60.08;   25.0;   11.0;    8.4;eor
       1981;20181015;-999;-999;-999;    3;   0.0;   4;-999;   0;  -999;  11.9;    -999;   15.8;   68.67;   25.3;   10.2;    7.9;eor
       1981;20181016;-999;-999;-999;    3;   0.0;   0;-999;   0;  -999;  14.3;    -999;   15.3;   82.63;   20.5;   10.4;    8.2;eor
       1981;20181017;-999;-999;-999;    3;   0.0;   0;-999;   0;  -999;  14.1;    -999;   15.5;   81.96;   23.7;   10.5;    7.8;eor
       1981;20181018;-999;-999;-999;    3;   1.1;   4;-999;   0;  -999;  12.3;    -999;   11.4;   90.04;   14.7;    4.1;    1.2;eor
       1981;20181019;-999;-999;-999;    3;   0.0;   0;-999;   0;  -999;   8.0;    -999;    7.0;   81.67;   13.7;    2.5;   -0.5;eor
       1981;20181020;-999;-999;-999;    3;   0.0;   0;-999;   0;  -999;   9.0;    -999;    8.5;   81.79;   15.0;    2.8;    0.1;eor
       1981;20181021;-999;-999;-999;    3;   0.7;   4;-999;   0;  -999;  11.3;    -999;   12.1;   80.25;   15.5;    6.8;    6.6;eor
       1981;20181022;-999;-999;-999;    3;   0.1;   4;-999;   0;  -999;   9.4;    -999;   11.0;   71.42;   14.4;    7.3;    3.4;eor
       1981;20181023;-999;-999;-999;    3;   8.0;   4;-999;   0;  -999;  11.1;    -999;   10.9;   84.17;   12.7;    7.6;    5.9;eor
       1981;20181024;-999;-999;-999;    3;   2.2;   4;-999;   0;  -999;  10.4;    -999;   11.2;   77.92;   13.4;    9.6;    8.1;eor
       1981;20181025;-999;-999;-999;    3;   4.9;   4;-999;   0;  -999;  11.0;    -999;   11.2;   82.08;   13.2;    9.1;    7.9;eor
       1981;20181026;-999;-999;-999;    3;   2.9;   4;-999;   0;  -999;  10.4;    -999;    9.6;   86.38;   12.3;    7.4;    6.3;eor
       1981;20181027;-999;-999;-999;    3;   0.1;   4;-999;   0;  -999;   7.2;    -999;    6.1;   77.04;    8.9;    1.8;   -1.0;eor
       1981;20181028;-999;-999;-999;    3;   0.2;   4;-999;   0;  -999;   6.2;    -999;    2.8;   83.17;    6.0;   -1.8;   -3.3;eor
       1981;20181029;-999;-999;-999;    3;   0.1;   4;-999;   0;  -999;   6.9;    -999;    5.6;   76.25;    6.6;    4.2;    2.5;eor
       1981;20181030;-999;-999;-999;    3;   2.6;   4;-999;   0;  -999;   8.6;    -999;    7.1;   84.75;   10.7;    4.6;    4.4;eor
       1981;20181031;-999;-999;-999;    3;   0.0;   0;-999;   0;  -999;   8.5;    -999;    8.9;   74.42;   11.8;    6.4;    4.8;eor
       1981;20181101;-999;-999;-999;    3;   0.0;   0;-999;   0;  -999;   8.5;    -999;    8.4;   76.63;   10.2;    5.9;    4.3;eor
       1981;20181102;-999;-999;-999;    3;   0.0;   0;-999;   0;  -999;   9.2;    -999;    9.4;   78.29;   13.1;    4.7;    0.8;eor
       1981;20181103;-999;-999;-999;    3;   0.0;   0;-999;   0;  -999;   7.0;    -999;    4.3;   84.92;   10.9;   -1.1;   -2.2;eor
       1981;20181104;-999;-999;-999;    3;   0.0;   0;-999;   0;  -999;   8.9;    -999;    6.4;   90.92;   10.1;    1.7;   -0.5;eor
       1981;20181105;-999;-999;-999;    3;   0.0;   0;-999;   0;  -999;  11.5;    -999;   10.4;   91.17;   11.7;    8.5;    6.3;eor
       1981;20181106;-999;-999;-999;    3;   0.0;   0;-999;   0;  -999;  10.6;    -999;    9.2;   91.08;   13.3;    4.8;    2.7;eor
       1981;20181107;-999;-999;-999;    3;   0.1;   4;-999;   0;  -999;  10.3;    -999;   10.4;   82.83;   16.8;    6.1;    3.5;eor
       1981;20181108;-999;-999;-999;    3;   0.0;   0;-999;   0;  -999;   9.9;    -999;   10.2;   79.75;   14.2;    2.5;   -0.4;eor
       1981;20181109;-999;-999;-999;    3;   1.3;   4;-999;   0;  -999;  10.1;    -999;    8.0;   93.29;   11.6;    2.2;   -0.7;eor
       1981;20181110;-999;-999;-999;    3;   3.2;   4;-999;   0;  -999;  11.1;    -999;   10.1;   89.75;   12.8;    7.5;    6.5;eor
       1981;20181111;-999;-999;-999;    3;   4.2;   4;-999;   0;  -999;  11.8;    -999;   12.2;   83.33;   14.9;   10.6;    9.2;eor
       1981;20181112;-999;-999;-999;    3;   1.7;   4;-999;   0;  -999;  12.1;    -999;   10.8;   93.50;   12.4;    9.2;    7.8;eor
       1981;20181113;-999;-999;-999;    3;   0.4;   4;-999;   0;  -999;  10.5;    -999;   10.2;   84.17;   11.9;    8.8;    7.1;eor
       1981;20181114;-999;-999;-999;    3;   0.0;   0;-999;   0;  -999;  10.1;    -999;    9.0;   87.92;   10.9;    7.3;    4.2;eor
       1981;20181115;-999;-999;-999;    3;   0.0;   0;-999;   0;  -999;   8.5;    -999;    6.3;   89.29;   10.5;    3.2;    0.2;eor
       1981;20181116;-999;-999;-999;    3;   0.0;   0;-999;   0;  -999;   7.4;    -999;    5.5;   82.13;    9.7;    2.7;    0.1;eor
       1981;20181117;-999;-999;-999;    3;   0.0;   0;-999;   0;  -999;   6.0;    -999;    3.0;   78.92;    6.2;   -0.8;   -4.2;eor
       1981;20181118;-999;-999;-999;    3;   0.0;   0;-999;   0;  -999;   6.4;    -999;    3.0;   83.17;    7.7;   -2.7;   -5.3;eor
       1981;20181119;-999;-999;-999;    3;   0.0;   0;-999;   0;  -999;   6.8;    -999;    5.6;   75.00;    7.3;    4.3;    2.5;eor
       1981;20181120;-999;-999;-999;    3;   0.0;   0;-999;   0;  -999;   5.5;    -999;    3.5;   69.54;    4.6;    2.7;    2.3;eor
       1981;20181121;-999;-999;-999;    3;   0.1;   4;-999;   0;  -999;   5.2;    -999;    2.1;   73.38;    2.9;    1.0;    0.8;eor
       1981;20181122;-999;-999;-999;    3;   0.0;   4;-999;   0;  -999;   5.6;    -999;    1.6;   81.83;    2.2;    0.8;    0.5;eor
       1981;20181123;-999;-999;-999;    3;   0.0;   0;-999;   0;  -999;   6.3;    -999;    2.0;   89.04;    2.8;    1.2;    1.2;eor
       1981;20181124;-999;-999;-999;    3;   0.3;   4;-999;   0;  -999;   6.4;    -999;    2.8;   85.83;    3.3;    2.3;    2.3;eor
       1981;20181125;-999;-999;-999;    3;   0.0;   0;-999;   0;  -999;   7.0;    -999;    4.0;   86.29;    5.4;    2.7;    2.3;eor
       1981;20181126;-999;-999;-999;    3;   0.0;   0;-999;   0;  -999;   6.3;    -999;    3.9;   77.79;    5.4;    0.6;   -2.6;eor
       1981;20181127;-999;-999;-999;    3;   0.0;   0;-999;   0;  -999;   5.4;    -999;    0.3;   86.13;    3.7;   -3.0;   -6.9;eor
       1981;20181128;-999;-999;-999;    3;   1.2;   4;-999;   0;  -999;   4.5;    -999;   -0.5;   75.79;    1.8;   -2.9;   -6.9;eor
       1981;20181129;-999;-999;-999;    3;   3.1;   4;-999;   0;  -999;   7.0;    -999;    3.9;   86.46;    7.1;    1.2;    0.5;eor
       1981;20181130;-999;-999;-999;    3;   0.0;   0;-999;   0;  -999;   7.9;    -999;    7.7;   74.38;    9.7;    6.2;    4.2;eor
       1981;20181201;-999;-999;-999;    3;   0.2;   4;-999;   0;  -999;   8.6;    -999;    7.7;   82.33;    9.4;    6.5;    4.1;eor
       1981;20181202;-999;-999;-999;    3;   5.8;   4;-999;   0;  -999;  10.9;    -999;    9.4;   91.88;   11.9;    7.1;    6.4;eor
       1981;20181203;-999;-999;-999;    3;   4.8;   4;-999;   0;  -999;  11.7;    -999;   11.2;   87.38;   12.3;    7.0;    6.3;eor
       1981;20181204;-999;-999;-999;    3;   1.4;   4;-999;   0;  -999;   7.3;    -999;    5.7;   79.21;    7.6;    2.8;    0.6;eor
       1981;20181205;-999;-999;-999;    3;   0.5;   4;-999;   0;  -999;   6.3;    -999;    3.1;   82.88;    6.3;   -0.1;   -1.6;eor
       1981;20181206;-999;-999;-999;    3;   2.4;   4;-999;   0;  -999;   9.9;    -999;    7.7;   91.71;   11.3;    3.6;    2.9;eor
       1981;20181207;-999;-999;-999;    3;   8.9;   4;-999;   0;  -999;  11.9;    -999;   10.6;   92.54;   11.5;    6.5;    5.8;eor
       1981;20181208;-999;-999;-999;    3;  11.6;   4;-999;   0;  -999;   8.5;    -999;    7.1;   83.83;    8.8;    5.6;    4.2;eor
       1981;20181209;-999;-999;-999;    3;   4.0;   4;-999;   0;  -999;   8.5;    -999;    6.9;   85.17;    8.7;    5.3;    4.0;eor
       1981;20181210;-999;-999;-999;    3;   2.1;   4;-999;   0;  -999;   6.9;    -999;    4.7;   80.17;    5.8;    3.4;    1.5;eor
       1981;20181211;-999;-999;-999;    3;   0.0;   4;-999;   0;  -999;   6.6;    -999;    4.4;   79.13;    5.8;    1.4;   -1.8;eor
       1981;20181212;-999;-999;-999;    3;   0.1;   4;-999;   0;  -999;   6.7;    -999;    3.4;   86.50;    5.0;    1.4;   -0.8;eor
       1981;20181213;-999;-999;-999;    3;   0.0;   0;-999;   0;  -999;   6.1;    -999;    2.8;   81.21;    3.4;    1.6;    1.3;eor
       1981;20181214;-999;-999;-999;    3;   0.0;   0;-999;   0;  -999;   5.4;    -999;    1.7;   78.42;    2.5;    0.3;   -0.4;eor
       1981;20181215;-999;-999;-999;    3;   0.0;   0;-999;   0;  -999;   4.7;    -999;    0.2;   75.79;    0.9;   -0.7;   -2.7;eor
       1981;20181216;-999;-999;-999;    3;   0.4;   4;-999;   0;  -999;   4.7;    -999;   -0.4;   79.13;    0.5;   -1.6;   -3.6;eor
       1981;20181217;-999;-999;-999;    3;   0.5;   4;-999;   0;  -999;   6.6;    -999;    1.8;   93.67;    6.0;   -0.5;   -0.7;eor
       1981;20181218;-999;-999;-999;    3;   0.0;   0;-999;   0;  -999;   7.9;    -999;    5.3;   87.96;    7.1;    1.4;   -1.0;eor
       1981;20181219;-999;-999;-999;    3;   0.3;   4;-999;   0;  -999;   6.9;    -999;    3.6;   86.21;    6.3;    1.2;   -1.1;eor
       1981;20181220;-999;-999;-999;    3;   2.0;   4;-999;   0;  -999;   8.3;    -999;    6.0;   89.13;    7.2;    4.4;    2.5;eor
       1981;20181221;-999;-999;-999;    3;   7.8;   4;-999;   0;  -999;   9.4;    -999;    7.5;   90.67;   10.9;    6.2;    4.7;eor
       1981;20181222;-999;-999;-999;    3;   5.5;   4;-999;   0;  -999;   9.1;    -999;    6.7;   92.33;    7.5;    6.0;    5.4;eor
       1981;20181223;-999;-999;-999;    3;   4.0;   4;-999;   0;  -999;   9.0;    -999;    6.8;   91.00;    7.8;    5.4;    5.1;eor
       1981;20181224;-999;-999;-999;    3;   0.3;   4;-999;   0;  -999;   6.5;    -999;    3.0;   85.42;    5.4;    0.9;   -0.8;eor
       1981;20181225;-999;-999;-999;    3;   0.1;   4;-999;   0;  -999;   7.2;    -999;    5.8;   78.08;    7.0;    4.1;    2.8;eor
       1981;20181226;-999;-999;-999;    3;   0.2;   4;-999;   0;  -999;   9.4;    -999;    6.7;   95.08;    8.3;    5.1;    4.8;eor
       1981;20181227;-999;-999;-999;    3;   0.2;   4;-999;   0;  -999;   8.8;    -999;    5.9;   94.50;    6.5;    5.2;    5.0;eor
       1981;20181228;-999;-999;-999;    3;   1.5;   4;-999;   0;  -999;   9.4;    -999;    6.9;   94.38;    8.1;    6.1;    5.9;eor
       1981;20181229;-999;-999;-999;    3;   7.0;   4;-999;   0;  -999;   9.5;    -999;    7.2;   93.38;    8.2;    6.0;    5.8;eor
       1981;20181230;-999;-999;-999;    3;   0.0;   0;-999;   0;  -999;   8.6;    -999;    7.2;   84.25;    8.7;    5.7;    3.3;eor
       1981;20181231;-999;-999;-999;    3;   0.6;   4;-999;   0;  -999;   9.7;    -999;    7.6;   92.83;    9.2;    6.0;    4.9;eor
       1981;20190101;-999;-999;-999;    3;   2.6;   4;-999;   0;  -999;   7.6;    -999;    6.6;   77.25;    8.3;    3.8;    2.1;eor
       1981;20190102;-999;-999;-999;    3;   0.0;   0;-999;   0;  -999;   4.6;    -999;    2.8;   62.04;    4.9;   -2.4;   -6.2;eor
       1981;20190103;-999;-999;-999;    3;   0.2;   4;-999;   0;  -999;   4.9;    -999;   -1.1;   86.88;    3.2;   -5.4;   -7.9;eor
       1981;20190104;-999;-999;-999;    3;   2.6;   4;-999;   0;  -999;   7.8;    -999;    4.2;   92.92;    7.2;    0.4;   -2.5;eor
       1981;20190105;-999;-999;-999;    3;   0.3;   4;-999;   0;  -999;   9.6;    -999;    7.1;   94.75;    7.8;    5.8;    5.5;eor
       1981;20190106;-999;-999;-999;    3;   2.5;   4;-999;   0;  -999;   9.0;    -999;    5.9;   96.25;    6.5;    5.3;    5.2;eor
       1981;20190107;-999;-999;-999;    3;   5.7;   4;-999;   0;  -999;   9.0;    -999;    6.5;   93.29;    8.1;    5.7;    5.5;eor
       1981;20190108;-999;-999;-999;    3;   3.4;   4;-999;   0;  -999;   7.5;    -999;    6.0;   79.13;    8.1;    3.3;    2.3;eor
       1981;20190109;-999;-999;-999;    3;   0.0;   0;-999;   0;  -999;   5.2;    -999;    3.2;   67.96;    4.1;    1.9;    1.1;eor
       1981;20190110;-999;-999;-999;    3;   2.2;   4;-999;   0;  -999;   5.6;    -999;    1.6;   81.75;    3.0;    0.8;    0.1;eor
       1981;20190111;-999;-999;-999;    3;   0.4;   4;-999;   0;  -999;   7.9;    -999;    5.3;   88.92;    7.6;    1.4;    1.3;eor
       1981;20190112;-999;-999;-999;    3;   5.2;   4;-999;   0;  -999;   8.3;    -999;    6.2;   87.83;    7.2;    5.4;    4.9;eor
       1981;20190113;-999;-999;-999;    3;   7.4;   4;-999;   0;  -999;   8.9;    -999;    7.2;   87.29;    8.8;    4.8;    3.7;eor
       1981;20190114;-999;-999;-999;    3;   0.1;   4;-999;   0;  -999;   5.2;    -999;    3.1;   67.83;    5.0;    1.8;    0.1;eor
       1981;20190115;-999;-999;-999;    3;   8.4;   4;-999;   0;  -999;   8.0;    -999;    5.4;   87.71;    7.6;    2.9;    1.4;eor
       1981;20190116;-999;-999;-999;    3;   3.4;   4;-999;   0;  -999;   8.3;    -999;    6.5;   85.58;    7.8;    4.5;    3.9;eor
       1981;20190117;-999;-999;-999;    3;   3.3;   4;-999;   0;  -999;   6.9;    -999;    3.6;   86.71;    5.7;   -0.6;   -2.3;eor
       1981;20190118;-999;-999;-999;    3;   0.0;   0;-999;   0;  -999;   5.2;    -999;   -0.2;   85.21;    2.2;   -2.9;   -6.5;eor
       1981;20190119;-999;-999;-999;    3;   0.0;   0;-999;   0;  -999;   4.7;    -999;   -0.8;   82.96;    4.3;   -4.1;   -6.6;eor
       1981;20190120;-999;-999;-999;    3;   0.0;   0;-999;   0;  -999;   4.2;    -999;   -3.9;   91.58;   -1.7;   -6.6;   -9.5;eor
       1981;20190121;-999;-999;-999;    3;   0.1;   4;-999;   0;  -999;   4.0;    -999;   -3.4;   83.00;    0.1;   -8.1;  -10.8;eor
       1981;20190122;-999;-999;-999;    3;   0.0;   0;-999;   0;  -999;   4.3;    -999;   -0.9;   75.54;    1.3;   -4.1;   -7.8;eor
       1981;20190123;-999;-999;-999;    3;   0.0;   0;-999;   0;  -999;   3.5;    -999;   -5.1;   83.46;   -3.3;   -7.6;  -10.5;eor
       1981;20190124;-999;-999;-999;    3;   0.0;   0;-999;   0;  -999;   3.3;    -999;   -4.1;   73.04;   -2.7;   -6.5;   -6.3;eor
       1981;20190125;-999;-999;-999;    3;   1.3;   4;-999;   0;  -999;   3.7;    -999;   -3.0;   74.25;   -0.1;   -3.7;   -4.0;eor
       1981;20190126;-999;-999;-999;    3;   7.2;   4;-999;   0;  -999;   7.7;    -999;    3.8;   95.04;    5.7;   -0.1;   -0.5;eor
       1981;20190127;-999;-999;-999;    3;   1.0;   4;-999;   0;  -999;   8.1;    -999;    5.3;   91.00;    6.7;    3.2;    1.3;eor
       1981;20190128;-999;-999;-999;    3;   1.3;   4;-999;   0;  -999;   6.5;    -999;    2.3;   90.08;    3.7;   -0.7;   -2.2;eor
       1981;20190129;-999;-999;-999;    3;   0.3;   4;-999;   0;  -999;   5.7;    -999;    0.7;   88.63;    3.0;   -1.2;   -2.9;eor
       1981;20190130;-999;-999;-999;    3;   0.6;   4;-999;   0;  -999;   5.0;    -999;   -0.2;   83.13;    2.6;   -2.1;   -3.1;eor
       1981;20190131;-999;-999;-999;    3;   0.0;   0;-999;   2;  -999;   5.1;    -999;    0.8;   79.17;    4.0;   -1.4;   -3.8;eor
       1981;20190201;-999;-999;-999;    3;   0.0;   0;-999;   0;  -999;   4.9;    -999;   -0.7;   83.83;    0.4;   -2.0;   -4.1;eor
       1981;20190202;-999;-999;-999;    3;   0.1;   4;-999;   0;  -999;   5.6;    -999;    0.3;   89.83;    2.5;   -2.4;   -4.4;eor
       1981;20190203;-999;-999;-999;    3;   0.0;   0;-999;   0;  -999;   5.7;    -999;    1.4;   84.71;    4.6;   -1.1;   -4.4;eor
       1981;20190204;-999;-999;-999;    3;   0.0;   0;-999;   0;  -999;   5.2;    -999;    2.4;   72.17;    4.2;   -1.0;   -4.6;eor
       1981;20190205;-999;-999;-999;    3;   0.0;   0;-999;   0;  -999;   6.7;    -999;    3.5;   85.08;    5.5;    1.8;   -0.6;eor
       1981;20190206;-999;-999;-999;    3;   8.3;   4;-999;   0;  -999;   7.2;    -999;    4.3;   85.46;    6.2;    1.8;   -0.5;eor
       1981;20190207;-999;-999;-999;    3;   1.1;   4;-999;   0;  -999;   7.5;    -999;    6.2;   79.71;    9.7;    3.7;    3.1;eor
       1981;20190208;-999;-999;-999;    3;   1.8;   4;-999;   0;  -999;   7.9;    -999;    7.2;   77.13;    9.0;    5.6;    4.5;eor
       1981;20190209;-999;-999;-999;    3;   1.3;   4;-999;   0;  -999;   7.8;    -999;    8.0;   73.17;   10.5;    6.7;    5.2;eor
       1981;20190210;-999;-999;-999;    3;  17.4;   4;-999;   0;  -999;   8.3;    -999;    6.4;   86.13;    8.8;    1.3;    1.1;eor
       1981;20190211;-999;-999;-999;    3;   0.2;   4;-999;   0;  -999;   6.6;    -999;    4.9;   76.13;    7.2;    2.9;    1.2;eor
       1981;20190212;-999;-999;-999;    3;   0.2;   4;-999;   0;  -999;   6.5;    -999;    4.9;   75.46;    7.6;    2.2;    0.8;eor
       1981;20190213;-999;-999;-999;    3;   0.0;   0;-999;   0;  -999;   8.8;    -999;    7.2;   86.63;    8.4;    5.9;    5.3;eor
       1981;20190214;-999;-999;-999;    3;   0.0;   0;-999;   0;  -999;   7.0;    -999;    7.0;   70.54;   12.1;    0.5;   -2.3;eor
       1981;20190215;-999;-999;-999;    3;   0.0;   0;-999;   0;  -999;   5.7;    -999;    6.5;   64.33;   17.5;   -1.2;   -3.6;eor
       1981;20190216;-999;-999;-999;    3;   0.0;   0;-999;   0;  -999;   6.5;    -999;    8.9;   58.63;   14.0;    1.0;   -2.4;eor
       1981;20190217;-999;-999;-999;    3;   0.0;   0;-999;   0;  -999;   7.5;    -999;    8.0;   71.92;   14.5;    2.0;   -1.8;eor
       1981;20190218;-999;-999;-999;    3;   0.3;   4;-999;   0;  -999;   6.6;    -999;    6.6;   71.92;   16.3;   -0.1;   -2.8;eor
       1981;20190219;-999;-999;-999;    3;   0.8;   4;-999;   0;  -999;   8.0;    -999;    7.2;   79.29;    9.1;    3.4;    0.7;eor
       1981;20190220;-999;-999;-999;    3;   0.1;   4;-999;   0;  -999;   8.0;    -999;    7.9;   75.42;    9.8;    6.1;    5.0;eor
       1981;20190221;-999;-999;-999;    3;   2.2;   4;-999;   0;  -999;   9.1;    -999;    8.5;   82.04;   10.2;    7.2;    6.0;eor
       1981;20190222;-999;-999;-999;    3;   0.0;   0;-999;   0;  -999;   6.8;    -999;    5.3;   75.75;    7.3;    1.0;   -2.0;eor
       1981;20190223;-999;-999;-999;    3;   0.0;   0;-999;   0;  -999;   4.5;    -999;    2.9;   60.58;    8.4;   -1.1;   -3.6;eor
       1981;20190224;-999;-999;-999;    3;   0.0;   0;-999;   0;  -999;   5.2;    -999;    4.8;   64.79;   14.8;   -2.0;   -4.8;eor
       1981;20190225;-999;-999;-999;    3;   0.0;   0;-999;   0;  -999;   5.8;    -999;    5.5;   68.08;   15.5;   -2.7;   -5.5;eor
       1981;20190226;-999;-999;-999;    3;   0.0;   0;-999;   0;  -999;   6.1;    -999;    5.6;   70.58;   14.4;   -0.5;   -4.1;eor
       1981;20190227;-999;-999;-999;    3;   0.0;   0;-999;   0;  -999;   5.4;    -999;    8.2;   55.46;   17.3;   -1.2;   -5.2;eor
       1981;20190228;-999;-999;-999;    3;   0.3;   4;-999;   0;  -999;   7.7;    -999;    5.7;   84.50;    8.4;    3.9;    0.9;eor
       1981;20190301;-999;-999;-999;    3;   0.0;   0;-999;   0;  -999;   6.8;    -999;    4.9;   79.46;    6.7;    3.4;    2.7;eor
       1981;20190302;-999;-999;-999;    3;   0.2;   4;-999;   0;  -999;   6.4;    -999;    6.0;   68.50;    8.5;    4.1;    3.2;eor
       1981;20190303;-999;-999;-999;    3;   8.1;   4;-999;   0;  -999;  10.9;    -999;    9.8;   89.17;   10.8;    8.1;    7.4;eor
       1981;20190304;-999;-999;-999;    3;   3.9;   4;-999;   0;  -999;   8.6;    -999;    9.2;   73.29;   12.3;    6.5;    4.8;eor
       1981;20190305;-999;-999;-999;    3;   1.5;   4;-999;   0;  -999;   7.3;    -999;    5.7;   79.46;    8.1;    3.8;   -0.4;eor
       1981;20190306;-999;-999;-999;    3;   1.2;   4;-999;   0;  -999;   8.0;    -999;    7.6;   76.13;   11.7;    3.7;    0.5;eor
       1981;20190307;-999;-999;-999;    3;   8.3;   4;-999;   0;  -999;   8.5;    -999;    9.9;   69.04;   13.7;    7.5;    5.3;eor
       1981;20190308;-999;-999;-999;    3;   6.3;   4;-999;   0;  -999;   6.9;    -999;    6.9;   70.25;    9.4;    5.5;    2.5;eor
       1981;20190309;-999;-999;-999;    3;   2.2;   4;-999;   0;  -999;   7.5;    -999;    6.8;   76.13;    9.8;    4.3;    3.0;eor
       1981;20190310;-999;-999;-999;    3;   4.3;   4;-999;   0;  -999;   6.9;    -999;    5.1;   79.38;    8.0;    2.9;    2.0;eor
       1981;20190311;-999;-999;-999;    3;   0.1;   4;-999;   0;  -999;   6.7;    -999;    3.3;   85.92;    6.9;    1.4;   -1.1;eor
       1981;20190312;-999;-999;-999;    3;   0.6;   4;-999;   0;  -999;   6.6;    -999;    5.6;   74.00;    8.1;    1.8;   -1.1;eor
       1981;20190313;-999;-999;-999;    3;   7.7;   4;-999;   0;  -999;   7.4;    -999;    6.1;   79.13;    7.8;    4.2;    3.5;eor
       1981;20190314;-999;-999;-999;    3;   8.5;   4;-999;   0;  -999;   8.1;    -999;    6.0;   86.71;    7.1;    5.1;    3.9;eor
       1981;20190315;-999;-999;-999;    3;   1.5;   4;-999;   0;  -999;   8.0;    -999;    7.5;   77.13;   11.1;    5.3;    4.1;eor
       1981;20190316;-999;-999;-999;    3;   5.4;   4;-999;   0;  -999;   8.1;    -999;    7.4;   78.75;   10.3;    4.6;    4.5;eor
       1981;20190317;-999;-999;-999;    3;   3.1;   4;-999;   0;  -999;   7.8;    -999;    7.8;   72.83;   10.5;    4.5;    2.8;eor
       1981;20190318;-999;-999;-999;    3;   2.8;   4;-999;   0;  -999;   6.7;    -999;    5.2;   76.42;    9.1;    3.4;    1.5;eor
       1981;20190319;-999;-999;-999;    3;   0.2;   4;-999;   0;  -999;   6.1;    -999;    4.7;   73.29;    9.4;   -0.1;   -2.3;eor
       1981;20190320;-999;-999;-999;    3;   0.0;   0;-999;   0;  -999;   8.5;    -999;    7.4;   80.38;   10.5;   -0.9;   -2.6;eor
       1981;20190321;-999;-999;-999;    3;   0.0;   0;-999;   0;  -999;  10.4;    -999;   10.4;   82.58;   12.5;    9.2;    8.7;eor
       1981;20190322;-999;-999;-999;    3;   0.0;   0;-999;   0;  -999;  10.9;    -999;   11.8;   78.88;   17.0;    8.9;    6.2;eor
       1981;20190323;-999;-999;-999;    3;   0.0;   0;-999;   0;  -999;   8.9;    -999;    7.7;   84.38;   11.6;    4.5;    2.3;eor
       1981;20190324;-999;-999;-999;    3;   1.7;   4;-999;   0;  -999;   7.0;    -999;    6.3;   74.67;   11.0;    3.5;    2.1;eor
       1981;20190325;-999;-999;-999;    3;   2.5;   4;-999;   0;  -999;   7.1;    -999;    5.3;   80.33;    9.1;    2.9;   -0.2;eor
       1981;20190326;-999;-999;-999;    3;   2.4;   4;-999;   0;  -999;   7.7;    -999;    6.4;   80.54;    9.1;    3.7;    2.5;eor
       1981;20190327;-999;-999;-999;    3;   2.0;   4;-999;   0;  -999;   9.3;    -999;    7.8;   87.79;   10.0;    6.0;    5.1;eor
       1981;20190328;-999;-999;-999;    3;   0.1;   4;-999;   0;  -999;  10.3;    -999;    9.3;   87.71;   11.7;    7.3;    6.8;eor
       1981;20190329;-999;-999;-999;    3;   0.0;   0;-999;   0;  -999;   9.5;    -999;   11.5;   71.71;   16.2;    5.2;    1.7;eor
       1981;20190330;-999;-999;-999;    3;   0.0;   0;-999;   0;  -999;   8.7;    -999;   10.9;   70.33;   19.2;    3.0;   -0.2;eor
       1981;20190331;-999;-999;-999;    3;   0.0;   0;-999;   0;  -999;   6.5;    -999;    7.1;   66.04;   11.0;    0.1;   -2.5;eor
       1981;20190401;-999;-999;-999;    3;   0.0;   0;-999;   0;  -999;   4.7;    -999;    5.5;   55.50;   11.8;   -1.3;   -4.5;eor
       1981;20190402;-999;-999;-999;    3;   1.1;   4;-999;   0;  -999;   6.2;    -999;    9.4;   52.08;   15.8;    2.5;   -1.9;eor
       1981;20190403;-999;-999;-999;    3;   1.1;   4;-999;   0;  -999;  10.2;    -999;   10.5;   80.42;   12.9;    7.9;    5.5;eor
       1981;20190404;-999;-999;-999;    3;   0.0;   0;-999;   0;  -999;   9.3;    -999;    8.0;   87.25;   11.4;    5.0;    2.6;eor
       1981;20190405;-999;-999;-999;    3;   0.0;   0;-999;   0;  -999;   9.8;    -999;    9.1;   85.13;   12.0;    7.2;    5.7;eor
       1981;20190406;-999;-999;-999;    3;   0.0;   0;-999;   0;  -999;  10.0;    -999;   13.1;   69.92;   21.6;    5.1;    1.8;eor
       1981;20190407;-999;-999;-999;    3;   0.0;   0;-999;   0;  -999;   8.2;    -999;   13.6;   57.17;   20.9;    7.3;    2.4;eor
       1981;20190408;-999;-999;-999;    3;   0.0;   0;-999;   0;  -999;   7.5;    -999;    9.5;   64.21;   15.5;    4.6;    1.0;eor
       1981;20190409;-999;-999;-999;    3;   0.0;   0;-999;   0;  -999;   5.9;    -999;    6.3;   62.17;   10.6;    1.9;   -3.9;eor
       1981;20190410;-999;-999;-999;    3;   0.0;   0;-999;   0;  -999;   4.7;    -999;    4.7;   57.75;    9.7;   -1.3;   -6.5;eor
       1981;20190411;-999;-999;-999;    3;   0.0;   0;-999;   0;  -999;   5.1;    -999;    5.0;   59.17;    7.2;    2.8;    0.1;eor
       1981;20190412;-999;-999;-999;    3;   0.0;   0;-999;   0;  -999;   4.6;    -999;    4.2;   57.29;    7.8;    1.5;   -1.1;eor
       1981;20190413;-999;-999;-999;    3;   2.0;   4;-999;   0;  -999;   5.6;    -999;    3.5;   71.96;    7.8;    0.2;   -3.2;eor
       1981;20190414;-999;-999;-999;    3;   0.2;   4;-999;   0;  -999;   6.5;    -999;    5.4;   72.00;    7.7;    1.4;   -1.7;eor
       1981;20190415;-999;-999;-999;    3;   0.0;   0;-999;   0;  -999;   6.0;    -999;    8.2;   56.08;   13.8;    3.7;    1.1;eor
       1981;20190416;-999;-999;-999;    3;   0.0;   0;-999;   0;  -999;   5.5;    -999;    8.9;   52.33;   15.5;    1.7;   -0.3;eor
       1981;20190417;-999;-999;-999;    3;   0.0;   0;-999;   0;  -999;   6.0;    -999;   12.0;   44.75;   18.4;    5.6;    1.5;eor
       1981;20190418;-999;-999;-999;    3;   0.0;   0;-999;   0;  -999;   7.6;    -999;   13.4;   50.83;   20.6;    6.7;    0.6;eor
       1981;20190419;-999;-999;-999;    3;   0.0;   0;-999;   0;  -999;   7.9;    -999;   14.6;   50.25;   23.3;    6.9;    3.4;eor
       1981;20190420;-999;-999;-999;    3;   0.0;   0;-999;   0;  -999;   5.7;    -999;   13.1;   40.46;   19.6;    7.1;    0.9;eor
       1981;20190421;-999;-999;-999;    3;   0.0;   0;-999;   0;  -999;   6.4;    -999;   14.0;   43.96;   21.9;    4.8;   -1.4;eor
       1981;20190422;-999;-999;-999;    3;   0.0;   0;-999;   0;  -999;   6.4;    -999;   15.3;   39.08;   21.1;    8.7;    4.0;eor
       1981;20190423;-999;-999;-999;    3;   0.2;   4;-999;   0;  -999;   8.2;    -999;   15.8;   46.63;   21.0;   11.2;    8.7;eor
       1981;20190424;-999;-999;-999;    3;   1.1;   4;-999;   0;  -999;  11.0;    -999;   17.9;   55.25;   25.1;   12.3;   10.3;eor
       1981;20190425;-999;-999;-999;    3;   0.0;   0;-999;   0;  -999;  10.0;    -999;   17.9;   52.71;   24.1;    9.8;    6.1;eor
       1981;20190426;-999;-999;-999;    3;   1.5;   4;-999;   0;  -999;  10.8;    -999;   14.0;   68.38;   17.7;   10.1;    8.8;eor
       1981;20190427;-999;-999;-999;    3;   5.5;   4;-999;   0;  -999;  10.4;    -999;   11.8;   77.96;   19.3;    7.9;    5.8;eor
       1981;20190428;-999;-999;-999;    3;   5.3;   4;-999;   0;  -999;   9.4;    -999;    9.2;   81.96;   13.2;    6.5;    4.6;eor
       1981;20190429;-999;-999;-999;    3;   1.3;   4;-999;   0;  -999;   9.7;    -999;   10.2;   78.71;   17.1;    4.4;    1.3;eor
       1981;20190430;-999;-999;-999;    3;   0.0;   0;-999;   0;  -999;   9.9;    -999;   10.4;   79.71;   18.3;    3.7;    0.4;eor
       1981;20190501;-999;-999;-999;    3;   0.0;   4;-999;-999;  -999;   9.3;    -999;    9.4;   79.33;   11.6;    7.9;    7.8;eor
       1981;20190502;-999;-999;-999;    3;   0.8;   4;-999;-999;  -999;   9.4;    -999;    9.2;   80.42;   13.3;    5.7;    4.4;eor
       1981;20190503;-999;-999;-999;    3;   0.5;   4;-999;-999;  -999;   6.6;    -999;    6.8;   67.75;   11.2;    3.4;    1.1;eor
       1981;20190504;-999;-999;-999;    3;   3.3;   4;-999;-999;  -999;   6.6;    -999;    5.2;   74.83;    9.7;    0.9;   -2.3;eor
       1981;20190505;-999;-999;-999;    3;   0.0;   0;-999;-999;  -999;   6.1;    -999;    6.2;   66.21;   11.9;   -0.6;   -3.4;eor
       1981;20190506;-999;-999;-999;    3;   3.1;   4;-999;-999;  -999;   7.7;    -999;    6.4;   79.83;   11.2;    3.1;    1.2;eor
       1981;20190507;-999;-999;-999;    3;   0.0;   0;-999;-999;  -999;   6.5;    -999;    7.6;   64.00;   12.9;    2.4;   -0.3;eor
       1981;20190508;-999;-999;-999;    3;  12.4;   4;-999;-999;  -999;   8.8;    -999;    9.9;   72.04;   15.4;    2.6;   -0.1;eor
       1981;20190509;-999;-999;-999;    3;   0.2;   4;-999;-999;  -999;  10.6;    -999;   13.1;   72.79;   18.8;    9.1;    7.6;eor
       1981;20190510;-999;-999;-999;    3;   3.5;   4;-999;-999;  -999;  10.0;    -999;   10.0;   81.00;   12.7;    3.5;    1.4;eor
       1981;20190511;-999;-999;-999;    3;   0.0;   0;-999;-999;  -999;   7.3;    -999;    9.2;   66.13;   15.3;    2.7;    0.7;eor
       1981;20190512;-999;-999;-999;    3;   0.0;   0;-999;-999;  -999;   7.4;    -999;    9.3;   64.67;   14.2;    3.8;    0.6;eor
       1981;20190513;-999;-999;-999;    3;   0.0;   0;-999;-999;  -999;   7.2;    -999;    9.5;   63.17;   15.2;    3.8;    0.4;eor
       1981;20190514;-999;-999;-999;    3;   0.0;   0;-999;-999;  -999;   6.3;    -999;    9.8;   55.58;   15.8;    2.5;   -0.2;eor
       1981;20190515;-999;-999;-999;    3;   0.0;   0;-999;-999;  -999;   6.1;    -999;   10.6;   51.17;   17.0;    1.4;   -0.6;eor
       1981;20190516;-999;-999;-999;    3;   7.4;   4;-999;-999;  -999;   9.1;    -999;   10.4;   71.88;   12.8;    8.8;    8.0;eor
       1981;20190517;-999;-999;-999;    3;   0.0;   0;-999;-999;  -999;  11.3;    -999;   13.3;   75.38;   17.5;    9.6;    9.6;eor
       1981;20190518;-999;-999;-999;    3;   0.0;   0;-999;-999;  -999;  12.7;    -999;   17.6;   66.58;   23.9;   10.8;    8.1;eor
       1981;20190519;-999;-999;-999;    3;   0.0;   0;-999;-999;  -999;  14.0;    -999;   16.8;   75.17;   23.5;   11.6;   10.5;eor
       1981;20190520;-999;-999;-999;    3;   7.6;   4;-999;-999;  -999;  14.9;    -999;   16.9;   78.00;   22.0;   11.9;   11.8;eor
       1981;20190521;-999;-999;-999;    3;  31.7;   4;-999;-999;  -999;  15.1;    -999;   14.4;   92.25;   16.7;   11.0;   11.0;eor
       1981;20190522;-999;-999;-999;    3;   0.0;   0;-999;-999;  -999;  11.0;    -999;   11.2;   83.04;   14.6;    6.5;    4.3;eor
       1981;20190523;-999;-999;-999;    3;   0.0;   0;-999;-999;  -999;   8.9;    -999;   14.5;   58.00;   20.9;    4.5;    2.7;eor
       1981;20190524;-999;-999;-999;    3;   0.0;   0;-999;-999;  -999;  10.6;    -999;   15.1;   64.08;   23.0;    7.6;    5.7;eor
       1981;20190525;-999;-999;-999;    3;   0.0;   0;-999;-999;  -999;  10.4;    -999;   12.0;   74.00;   15.0;    8.6;    6.5;eor
       1981;20190526;-999;-999;-999;    3;   7.1;   4;-999;-999;  -999;  12.4;    -999;   14.7;   73.63;   20.7;    8.2;    6.3;eor
       1981;20190527;-999;-999;-999;    3;   0.0;   0;-999;-999;  -999;  11.3;    -999;   15.2;   66.71;   18.4;   11.1;    8.0;eor
       1981;20190528;-999;-999;-999;    3;   0.0;   0;-999;-999;  -999;   8.9;    -999;   12.0;   64.50;   16.7;    7.2;    3.9;eor
       1981;20190529;-999;-999;-999;    3;   0.0;   0;-999;-999;  -999;   7.7;    -999;   11.5;   58.42;   16.5;    5.8;    3.0;eor
       1981;20190530;-999;-999;-999;    3;   0.3;   4;-999;-999;  -999;  12.0;    -999;   15.3;   67.17;   18.9;   10.7;    8.7;eor
       1981;20190531;-999;-999;-999;    3;   0.0;   0;-999;-999;  -999;  15.5;    -999;   18.4;   73.63;   23.3;   13.4;   11.2;eor
       1981;20190601;-999;-999;-999;    3;   0.0;   0;-999;-999;  -999;  14.3;    -999;   18.6;   68.04;   25.3;   13.0;   10.7;eor
       1981;20190602;-999;-999;-999;    3;   0.0;   0;-999;-999;  -999;  14.8;    -999;   22.7;   57.08;   31.0;   11.5;    9.4;eor
       1981;20190603;-999;-999;-999;    3;   3.7;   4;-999;-999;  -999;  15.8;    -999;   20.5;   66.25;   25.3;   14.2;   13.6;eor
       1981;20190604;-999;-999;-999;    1;   5.1;   4;-999;-999;  -999;  15.3;    -999;   17.8;   76.50;   24.1;   14.0;   13.6;eor
       1981;20190605;-999;-999;-999;    1;   0.0;   0;-999;-999;  -999;  17.4;    -999;   24.0;   58.50;   29.7;   19.0;   17.3;eor
       1981;20190606;-999;-999;-999;    1;   5.2;   4;-999;-999;  -999;  15.0;    -999;   18.0;   72.25;   22.7;   11.3;    9.5;eor
       1981;20190607;-999;-999;-999;    1;  12.0;   4;-999;-999;  -999;  11.6;    -999;   17.8;   59.67;   24.2;   10.3;    8.3;eor
       1981;20190608;-999;-999;-999;    1;   0.0;   0;-999;-999;  -999;  11.2;    -999;   16.1;   62.04;   19.0;   13.5;   11.8;eor
       1981;20190609;-999;-999;-999;    1;   0.9;   4;-999;-999;  -999;  10.5;    -999;   17.0;   55.75;   22.4;   12.2;   10.4;eor
       1981;20190610;-999;-999;-999;    1;   4.8;   4;-999;-999;  -999;  15.2;    -999;   17.9;   73.96;   23.0;   14.1;   13.6;eor
       1981;20190611;-999;-999;-999;    1;   9.7;   4;-999;-999;  -999;  16.9;    -999;   18.2;   81.63;   23.2;   15.2;   15.2;eor
       1981;20190612;-999;-999;-999;    1;   2.3;   4;-999;-999;  -999;  17.6;    -999;   17.4;   88.17;   19.9;   13.8;   11.3;eor
       1981;20190613;-999;-999;-999;    1;   0.3;   4;-999;-999;  -999;  12.9;    -999;   18.3;   64.00;   24.4;   13.1;   10.6;eor
       1981;20190614;-999;-999;-999;    1;   5.6;   4;-999;-999;  -999;  14.3;    -999;   20.8;   60.04;   28.2;   13.1;   10.3;eor
       1981;20190615;-999;-999;-999;    1;   0.6;   4;-999;-999;  -999;  17.4;    -999;   18.9;   79.42;   23.0;   13.9;   12.3;eor
       1981;20190616;-999;-999;-999;    1;   0.0;   0;-999;-999;  -999;  13.7;    -999;   18.0;   68.29;   23.5;   11.9;   10.0;eor
       1981;20190617;-999;-999;-999;    1;   0.0;   0;-999;-999;  -999;  13.8;    -999;   20.6;   60.29;   26.4;   11.3;   10.0;eor
       1981;20190618;-999;-999;-999;    1;   0.0;   0;-999;-999;  -999;  15.8;    -999;   23.1;   57.50;   30.0;   17.2;   15.8;eor
       1981;20190619;-999;-999;-999;    1;   4.0;   4;-999;-999;  -999;  16.7;    -999;   23.3;   61.58;   32.1;   16.3;   15.4;eor
       1981;20190620;-999;-999;-999;    1;   2.9;   4;-999;-999;  -999;  16.9;    -999;   18.5;   79.67;   23.1;   15.1;   14.4;eor
       1981;20190621;-999;-999;-999;    1;   0.0;   0;-999;-999;  -999;  13.2;    -999;   16.9;   69.33;   22.3;   12.4;   10.2;eor
       1981;20190622;-999;-999;-999;    1;   0.0;   0;-999;-999;  -999;  11.3;    -999;   17.0;   60.71;   22.6;    9.4;    7.7;eor
       1981;20190623;-999;-999;-999;    1;   0.0;   0;-999;-999;  -999;  13.3;    -999;   20.5;   56.21;   27.1;   14.5;   13.2;eor
       1981;20190624;-999;-999;-999;    1;   0.0;   0;-999;-999;  -999;  14.3;    -999;   22.9;   53.54;   29.2;   15.9;   14.5;eor
       1981;20190625;-999;-999;-999;    1;   0.0;   0;-999;-999;  -999;  16.4;    -999;   26.1;   50.04;   33.9;   18.0;   16.1;eor
       1981;20190626;-999;-999;-999;    1;   0.0;   0;-999;-999;  -999;  18.4;    -999;   22.5;   67.33;   29.4;   15.5;   15.8;eor
       1981;20190627;-999;-999;-999;    1;   0.0;   0;-999;-999;  -999;  12.6;    -999;   15.7;   69.92;   18.5;   13.8;   13.3;eor
       1981;20190628;-999;-999;-999;    1;   0.0;   0;-999;-999;  -999;  13.0;    -999;   17.3;   66.79;   22.8;   13.1;   10.3;eor
       1981;20190629;-999;-999;-999;    1;   0.0;   0;-999;-999;  -999;  13.7;    -999;   21.5;   58.33;   30.4;   10.3;    7.0;eor
       1981;20190630;-999;-999;-999;    1;   0.0;   0;-999;-999;  -999;  14.8;    -999;   24.4;   51.79;   35.7;   15.8;   13.3;eor
       1981;20190701;-999;-999;-999;    1;   0.6;   4;-999;-999;  -999;  13.5;    -999;   19.2;   61.96;   25.2;   14.6;   12.1;eor
       1981;20190702;-999;-999;-999;    1;   0.0;   0;-999;-999;  -999;  11.0;    -999;   15.5;   63.42;   19.2;   10.1;    6.7;eor
       1981;20190703;-999;-999;-999;    1;   0.0;   0;-999;-999;  -999;  10.3;    -999;   14.0;   65.58;   18.5;    9.8;    6.6;eor
