STATIONS_ID;MESS_DATUM;QN_3;  FX;  FM;QN_4; RSK;RSKF; SDK;SHK_TAG;  NM; VPM;  PM; TMK; UPM; TXK; TNK; TGK;eor
       3126;20171231;   10;   9.9;   3.9;    3;   1.9;   6;    0.000;   0;   7.8;  10.2;  991.58;   10.1;   82.38;   13.1;    6.2;    4.2;eor
       3126;20180101;   10;  13.9;   4.3;    3;   5.3;   6;    5.233;   0;   6.3;   7.7;  990.51;    7.7;   73.50;   11.8;    4.2;    0.1;eor
       3126;20180102;   10;   9.1;   2.8;    3;   5.8;   6;    0.433;   0;   7.1;   7.7;  996.06;    4.5;   91.42;    7.0;    2.4;   -0.9;eor
       3126;20180103;   10;  19.1;   6.2;    3;   5.2;   6;    1.500;   0;   7.8;   7.8;  979.89;    6.1;   83.00;    8.3;    3.0;    2.3;eor
       3126;20180104;   10;  16.4;   4.8;    3;   2.5;   6;    0.717;   0;   7.2;   8.3;  983.37;    6.7;   84.38;    8.5;    5.3;    3.9;eor
       3126;20180105;   10;  16.7;   3.6;    3;   0.0;   0;    3.100;   0;   7.3;   7.8;  986.18;    6.8;   79.46;   10.5;    2.7;   -1.3;eor
       3126;20180106;   10;   7.1;   1.7;    3;   0.0;   6;    0.067;   0;   7.9;   7.4;  998.73;    3.9;   91.96;    6.8;    0.8;   -2.4;eor
       3126;20180107;   10;   8.8;   3.3;    3;   0.0;   0;    0.017;   0;   7.1;   5.6; 1017.12;    1.6;   81.38;    3.9;   -1.6;   -2.9;eor
       3126;20180108;   10;   9.0;   3.0;    3;   0.0;   0;    6.533;   0;   5.0;   4.1; 1020.70;   -0.9;   72.63;    2.2;   -2.8;   -5.1;eor
       3126;20180109;   10;   9.4;   2.8;    3;   0.2;   6;    0.000;   0;   7.8;   5.8; 1006.96;    2.2;   79.17;    5.0;   -1.2;   -2.2;eor
       3126;20180110;   10;   5.0;   1.4;    3;   0.0;   6;    5.117;   0;   6.0;   7.3; 1002.22;    3.7;   92.13;    9.3;   -0.6;   -3.4;eor
       3126;20180111;   10;   3.2;   0.9;    3;   0.0;   0;    0.000;   0;   7.8;   6.2; 1006.89;    0.1;   99.42;    2.3;   -1.5;   -3.3;eor
       3126;20180112;   10;   5.1;   1.4;    3;   0.1;   6;    0.000;   0;   8.0;   7.1; 1016.73;    2.0;   99.75;    3.3;    1.0;    0.6;eor
       3126;20180113;   10;  10.0;   3.0;    3;   0.1;   8;    0.000;   0;   7.8;   5.7; 1019.51;    1.2;   84.46;    2.3;    0.1;   -0.4;eor
       3126;20180114;   10;   7.9;   3.0;    3;   0.0;   0;    6.533;   0;   3.9;   4.6; 1016.54;   -0.3;   77.13;    2.0;   -2.1;   -4.3;eor
       3126;20180115;   10;  13.5;   4.2;    3;   0.2;   8;    2.400;   0;   6.7;   5.4; 1001.77;    1.6;   78.71;    3.8;   -1.4;   -3.0;eor
       3126;20180116;   10;  13.0;   4.3;    3;   2.8;   6;    0.633;   0;   5.9;   6.7;  981.17;    3.4;   85.75;    5.5;    1.7;   -0.4;eor
       3126;20180117;   10;  12.1;   4.1;    3;   2.4;   8;    1.283;   0;   6.9;   5.9;  985.66;    1.8;   84.83;    2.9;    0.2;   -2.5;eor
       3126;20180118;   10;  27.2;   6.5;    3;   4.2;   8;    0.317;   0;   7.3;   6.5;  984.25;    3.0;   85.25;    8.0;    1.1;   -1.3;eor
       3126;20180119;   10;   8.1;   2.6;    3;   0.6;   8;    1.750;   0;   7.8;   6.5;  995.45;    2.8;   87.29;    4.8;    1.6;   -0.2;eor
       3126;20180120;   10;   5.3;   1.8;    3;   0.9;   8;    1.850;   0;   7.5;   6.1;  995.30;    0.9;   93.71;    3.6;   -0.9;   -2.8;eor
       3126;20180121;   10;   5.7;   1.4;    3;   0.0;   0;    0.167;   0;   7.9;   5.9; 1002.23;   -0.2;   98.00;    1.3;   -1.4;   -3.2;eor
       3126;20180122;   10;   9.7;   2.8;    3;   7.3;   8;    0.000;   0;   7.8;   6.2; 1000.36;    0.8;   95.54;    2.5;   -0.6;   -0.7;eor
       3126;20180123;   10;   7.8;   2.2;    3;   1.4;   6;    0.917;   0;   7.7;   8.0; 1009.60;    5.2;   90.92;    8.0;    2.3;    1.7;eor
       3126;20180124;   10;   9.5;   4.4;    3;   0.0;   6;    2.417;   0;   8.0;  10.1; 1005.68;    9.8;   83.04;   12.0;    7.1;    5.7;eor
       3126;20180125;   10;   9.7;   2.6;    3;   7.7;   6;    0.000;   0;   7.7;  10.1; 1002.85;    9.0;   88.58;   11.4;    6.6;    5.5;eor
       3126;20180126;   10;   4.2;   1.2;    3;   0.1;   6;    0.000;   0;   7.9;   9.3; 1007.93;    6.5;   96.38;    8.4;    4.4;    1.0;eor
       3126;20180127;   10;   9.8;   2.2;    3;   0.0;   6;    2.283;   0;   7.3;   7.7; 1018.61;    5.6;   85.58;    8.4;    3.2;   -0.4;eor
       3126;20180128;   10;  12.8;   5.4;    3;   0.2;   6;    0.000;   0;   7.6;   8.9; 1014.81;    8.4;   80.38;   10.4;    6.2;    4.8;eor
       3126;20180129;   10;  16.1;   6.0;    3;   1.7;   6;    0.383;   0;   7.7;   9.7; 1010.30;   10.1;   78.71;   11.6;    5.4;    3.3;eor
       3126;20180130;   10;  13.1;   3.6;    3;   0.0;   0;    4.900;   0;   7.1;   6.6; 1014.93;    4.2;   80.29;    6.8;    0.5;   -2.4;eor
       3126;20180131;   10;  10.6;   4.3;    3;   5.4;   6;    0.000;   0;   7.8;   8.1;  996.91;    5.8;   86.00;   10.2;    0.3;   -1.9;eor
       3126;20180201;   10;   9.2;   3.3;    3;   0.0;   6;    5.583;   0;   4.8;   6.0;  989.82;    3.7;   75.58;    6.3;   -0.4;   -3.2;eor
       3126;20180202;   10;   8.2;   3.1;    3;   0.3;   6;    1.783;   0;   5.3;   6.2;  992.06;    2.8;   83.04;    4.9;   -0.4;   -4.0;eor
       3126;20180203;   10;   9.3;   1.9;    3;   3.3;   8;    0.500;   0;   7.7;   6.3;  995.14;    1.9;   89.71;    4.0;   -0.4;   -1.1;eor
       3126;20180204;   10;   5.6;   1.6;    3;   0.8;   8;    1.617;   0;   7.1;   5.3; 1008.10;   -0.5;   89.96;    1.6;   -1.7;   -4.3;eor
       3126;20180205;   10;   6.2;   2.1;    3;   0.0;   7;    0.533;   0;   7.8;   5.1; 1017.55;   -0.3;   85.29;    1.8;   -4.1;   -6.9;eor
       3126;20180206;   10;   6.9;   1.8;    3;   0.0;   0;    7.750;   0;   3.8;   3.4; 1008.44;   -3.0;   71.50;   -0.3;   -6.9;   -9.4;eor
       3126;20180207;   10;   4.8;   1.7;    3;   0.0;   0;    3.183;   0;   5.8;   4.1; 1006.21;   -1.5;   74.63;    0.7;   -5.0;   -7.0;eor
       3126;20180208;   10;   2.8;   1.1;    3;   0.0;   0;    7.850;   0;   1.6;   3.8; 1010.18;   -3.6;   81.67;    1.7;   -7.5;   -9.8;eor
       3126;20180209;   10;   6.9;   2.0;    3;   0.0;   0;    5.950;   0;   3.3;   4.5; 1006.62;   -2.1;   84.83;    2.1;   -6.6;   -9.3;eor
       3126;20180210;   10;   5.7;   2.0;    3;   0.0;   8;    3.517;   0;   7.3;   5.6; 1004.80;    1.8;   80.58;    4.5;    0.1;   -2.2;eor
       3126;20180211;   10;  11.2;   4.2;    3;   0.0;   8;    0.233;   0;   7.3;   5.9;  993.55;    2.3;   81.67;    4.4;    0.3;   -1.9;eor
       3126;20180212;   10;  10.3;   3.0;    3;   0.3;   8;    2.733;   0;   5.6;   5.7;  999.91;    1.8;   81.54;    4.3;   -1.1;   -3.8;eor
       3126;20180213;   10;   6.1;   2.3;    3;   0.0;   0;    8.700;   0;   0.6;   4.7; 1005.53;    0.2;   76.83;    5.7;   -3.3;   -7.0;eor
       3126;20180214;   10;   6.4;   1.6;    3;   0.0;   0;    8.850;   0;   0.3;   4.4; 1009.76;   -0.8;   76.75;    4.9;   -6.2;   -8.3;eor
       3126;20180215;   10;  10.7;   3.8;    3;   0.7;   8;    0.550;   0;   7.7;   5.0; 1007.09;   -0.1;   82.17;    3.1;   -2.6;   -3.8;eor
       3126;20180216;   10;  11.1;   3.1;    3;   0.0;   0;    8.317;   0;   2.7;   5.9; 1012.67;    3.0;   78.75;    6.6;    0.8;   -3.1;eor
       3126;20180217;   10;   6.0;   1.4;    3;   0.0;   0;    0.333;   0;   7.9;   5.3; 1014.95;    1.5;   79.13;    5.3;   -3.1;   -5.4;eor
       3126;20180218;   10;   6.2;   1.6;    3;   0.0;   0;    0.883;   0;   7.8;   5.3; 1017.41;    1.9;   75.33;    5.2;   -0.9;   -4.0;eor
       3126;20180219;   10;   3.9;   1.1;    3;   0.0;   0;    1.767;   0;   8.0;   5.1; 1011.00;    0.4;   82.00;    4.7;   -1.9;   -3.8;eor
       3126;20180220;   10;   7.0;   1.8;    3;   0.0;   0;    4.533;   0;   5.1;   4.7; 1009.67;   -0.1;   79.08;    3.7;   -3.5;   -6.2;eor
       3126;20180221;   10;   6.9;   1.9;    3;   0.0;   0;    6.900;   0;   5.8;   4.1; 1015.00;   -1.2;   75.58;    4.3;   -5.8;   -8.3;eor
       3126;20180222;   10;   7.6;   2.2;    3;   0.0;   7;    5.300;   0;   5.9;   4.5; 1015.18;   -0.7;   79.38;    3.9;   -4.2;   -6.8;eor
       3126;20180223;   10;   7.8;   2.5;    3;   0.0;   0;    9.350;   0;   2.7;   3.4; 1015.45;   -1.5;   62.21;    1.2;   -4.9;   -7.4;eor
       3126;20180224;   10;  13.4;   3.1;    3;   0.0;   7;    6.467;   0;   2.7;   2.9; 1019.29;   -2.6;   59.63;    1.6;   -7.0;   -9.4;eor
       3126;20180225;   10;   7.6;   2.2;    3;   0.0;   7;    6.550;   0;   3.9;   2.8; 1021.26;   -4.8;   66.75;   -1.3;   -9.6;  -12.3;eor
       3126;20180226;   10;   8.7;   2.7;    3;   0.0;   8;    3.533;   0;   5.4;   3.0; 1018.00;   -5.3;   73.75;   -2.2;   -8.6;  -10.5;eor
       3126;20180227;   10;   8.0;   1.9;    3;   0.0;   7;    7.200;   0;   4.9;   2.4; 1012.82;   -7.0;   68.21;   -2.4;  -12.5;  -15.1;eor
       3126;20180228;   10;   9.5;   3.3;    3;   0.0;   7;    4.333;   0;   3.7;   2.0; 1015.46;   -8.6;   62.13;   -5.0;  -11.7;  -13.0;eor
       3126;20180301;   10;  10.9;   3.9;    3;   0.0;   0;    9.900;   0;   2.8;   2.0; 1007.27;   -7.5;   57.79;   -2.9;  -11.2;  -12.4;eor
       3126;20180302;   10;   9.6;   3.4;    3;   0.0;   0;    9.467;   0;   0.3;   2.1;  995.86;   -7.2;   58.79;   -2.0;  -11.8;  -13.1;eor
       3126;20180303;   10;   8.5;   2.7;    3;   0.0;   7;    9.383;   0;   1.0;   2.1;  994.42;   -6.1;   56.50;   -0.6;  -11.1;  -12.8;eor
       3126;20180304;   10;   8.9;   2.9;    3;   1.1;   6;    5.117;   0;   6.8;   3.3;  991.93;   -0.5;   54.71;    7.4;   -6.6;   -7.7;eor
       3126;20180305;   10;   7.2;   2.4;    3;   0.0;   0;    7.867;   0;   6.6;   6.2;  987.31;    4.4;   74.54;   11.9;   -0.1;   -3.8;eor
       3126;20180306;   10;   5.9;   1.6;    3;   6.9;   8;    0.933;   0;   8.0;   5.4;  983.82;    1.0;   82.58;    5.2;   -2.7;   -5.5;eor
       3126;20180307;   10;   4.1;   1.1;    3;   1.6;   8;    0.000;   5;   7.6;   6.4;  984.48;    1.2;   95.38;    3.3;   -0.2;   -2.7;eor
       3126;20180308;   10;  11.0;   3.5;    3;   3.5;   6;    4.633;   1;   6.3;   6.9;  990.55;    5.2;   79.54;   10.3;    0.4;   -2.6;eor
       3126;20180309;   10;  11.3;   3.4;    3;   1.3;   6;    3.333;   0;   5.0;   6.6;  995.72;    5.2;   75.67;    9.7;    1.7;   -1.8;eor
       3126;20180310;   10;   6.2;   2.2;    3;   0.3;   6;    1.333;   0;   7.8;   9.6;  993.58;    8.3;   86.25;   14.5;    1.9;   -0.1;eor
       3126;20180311;   10;   8.7;   2.2;    3;   0.0;   6;    6.250;-999;   7.4;  10.8;  988.39;   10.7;   83.58;   16.7;    2.7;   -0.5;eor
       3126;20180312;   10;   7.8;   2.0;    3;   6.4;   6;    0.000;-999;   7.8;  11.4;  982.50;    9.3;   96.38;   11.3;    6.5;    3.6;eor
       3126;20180313;   10;  10.7;   3.3;    3;   1.4;   6;    1.100;   0;   7.1;   9.2;  989.73;    8.4;   83.58;   12.5;    4.2;    3.3;eor
       3126;20180314;   10;   7.6;   2.0;    3;   0.0;   6;    0.000;   0;   7.9;   6.9; 1001.12;    4.4;   82.79;    5.7;    3.1;    2.4;eor
       3126;20180315;   10;  11.5;   4.1;    3;   0.1;   6;    2.367;   0;   7.3;   6.6;  996.85;    4.3;   79.71;    8.3;    1.6;    1.1;eor
       3126;20180316;   10;  10.5;   4.0;    3;   8.2;   8;    0.000;   0;   7.6;   5.6;  997.13;    0.2;   90.17;    3.3;   -3.5;   -3.7;eor
       3126;20180317;   10;  15.3;   4.7;    3;   0.0;   8;    0.783;   5;   7.6;   3.0; 1002.68;   -3.3;   63.92;   -1.6;   -5.3;   -6.0;eor
       3126;20180318;   10;  13.8;   4.6;    3;   0.0;   0;   10.083;   1;   8.0;   2.3; 1005.42;   -2.3;   44.96;    1.7;   -5.5;   -6.7;eor
       3126;20180319;   10;   8.0;   2.5;    3;   0.0;   8;   11.200;   0;   2.3;   2.5; 1005.07;   -1.7;   47.25;    3.6;   -5.8;   -8.4;eor
       3126;20180320;   10;  11.4;   2.8;    3;   0.2;   8;    1.183;   1;   5.2;   4.6; 1006.38;   -0.3;   76.38;    4.4;   -5.3;   -8.1;eor
       3126;20180321;   10;   7.5;   2.5;    3;   0.1;   7;   10.683;   0;   5.4;   4.6; 1015.67;    1.2;   70.71;    6.6;   -4.8;   -7.9;eor
       3126;20180322;   10;  11.0;   3.5;    3;   0.5;   8;    0.000;   0;   7.8;   6.9; 1002.89;    3.4;   87.21;    5.3;    0.9;   -0.3;eor
       3126;20180323;   10;   6.0;   1.8;    3;   0.0;   6;    0.200;   0;   7.9;   6.7;  997.26;    3.9;   82.83;    7.7;    2.1;   -0.8;eor
       3126;20180324;   10;   6.8;   1.8;    3;   0.0;   0;    4.033;   0;   7.3;   6.3;  995.23;    5.0;   73.58;   11.1;   -0.3;   -3.3;eor
       3126;20180325;   10;   5.7;   1.4;    3;   0.0;   6;    6.900;   0;   6.3;   6.0;  997.91;    4.2;   75.58;   11.7;   -1.7;   -4.1;eor
       3126;20180326;   10;   8.5;   2.1;    3;   0.0;   6;    3.117;   0;   7.3;   6.8; 1003.29;    6.0;   74.79;   12.0;   -0.6;   -3.9;eor
       3126;20180327;   10;   6.8;   2.1;    3;   1.2;   6;    6.000;   0;   6.0;   6.0; 1003.84;    4.6;   72.42;    9.7;   -0.7;   -3.7;eor
       3126;20180328;   10;   8.1;   2.7;    3;   4.9;   6;    0.000;   0;   7.9;   7.3;  993.30;    3.5;   92.83;    4.4;    2.8;    2.3;eor
       3126;20180329;   10;  13.6;   4.5;    3;   0.4;   6;    2.550;   0;   6.8;   7.0;  993.45;    5.5;   78.21;    9.8;    1.5;   -2.2;eor
       3126;20180330;   10;   8.7;   2.7;    3;   1.7;   6;    6.650;   0;   6.4;   6.6;  996.08;    6.2;   71.96;   13.4;   -1.2;   -4.0;eor
       3126;20180331;   10;   7.8;   2.5;    3;   6.3;   8;    0.000;   0;   7.6;   6.5;  989.72;    2.3;   91.00;    5.9;    0.6;    0.1;eor
       3126;20180401;   10;  10.7;   3.6;    3;   0.0;   0;    0.000;   0;   6.4;   6.0;  995.29;    2.4;   81.88;    4.9;    0.2;   -2.7;eor
       3126;20180402;   10;   6.6;   2.1;    3;   2.4;   6;    4.117;   0;   5.8;   6.4;  999.40;    5.5;   71.00;   10.7;   -1.1;   -4.4;eor
       3126;20180403;   10;  10.8;   3.3;    3;   0.0;   6;    5.917;   0;   7.8;  10.6;  993.12;   13.1;   71.25;   19.1;    6.4;    5.5;eor
       3126;20180404;   10;  17.2;   2.7;    3;  12.8;   8;    8.367;   0;   6.7;  10.8;  992.73;   14.0;   69.63;   21.0;    9.5;    5.0;eor
       3126;20180405;   10;  16.2;   4.7;    3;   0.0;   6;    5.350;   0;   5.1;   8.7;  999.10;    9.3;   73.71;   15.1;    2.4;   -0.3;eor
       3126;20180406;   10;   6.7;   2.3;    3;   0.0;   0;   12.283;   0;   2.5;   6.0; 1013.18;    6.9;   62.75;   12.8;   -1.1;   -3.8;eor
       3126;20180407;   10;  10.3;   3.3;    3;   0.0;   0;   12.200;   0;   5.2;   6.9; 1005.96;   11.8;   51.54;   20.5;    2.4;   -0.4;eor
       3126;20180408;   10;   9.1;   3.1;    3;   0.0;   0;   12.417;   0;   0.4;   9.9; 1000.13;   13.4;   66.25;   20.4;    7.6;    3.1;eor
       3126;20180409;   10;   6.3;   1.7;    3;   0.0;   0;    8.967;   0;   4.6;  10.1;  996.37;   13.8;   67.33;   21.7;    4.9;    1.2;eor
       3126;20180410;   10;  10.3;   2.7;    3;   0.0;   6;   11.050;   0;   4.6;  10.9;  994.71;   16.1;   62.75;   24.9;    7.4;    4.2;eor
       3126;20180411;   10;  10.8;   3.3;    3;   8.7;   6;    4.867;   0;   7.2;  12.0;  998.59;   13.5;   77.92;   20.3;    8.7;    7.4;eor
       3126;20180412;   10;  11.4;   3.0;    3;   4.8;   6;    4.300;   0;   6.6;  12.2;  994.32;   15.3;   73.38;   22.9;    7.0;    5.4;eor
       3126;20180413;   10;  13.1;   2.2;    3;   3.5;   6;    0.833;   0;   7.8;  14.3;  995.08;   14.7;   85.67;   21.0;   10.3;    7.7;eor
       3126;20180414;   10;  11.9;   3.3;    3;   1.1;   6;    5.250;   0;   6.7;  12.1; 1006.44;   13.6;   78.58;   18.3;    9.0;    5.8;eor
       3126;20180415;   10;   6.4;   1.8;    3;   0.1;   6;    6.250;   0;   7.9;  12.3; 1003.92;   13.8;   79.00;   20.2;    7.7;    5.7;eor
       3126;20180416;   10;   8.9;   1.3;    3;   3.0;   6;    0.000;   0;   7.6;  13.8; 1004.22;   13.8;   88.21;   18.1;    9.5;    6.8;eor
       3126;20180417;   10;   4.8;   1.5;    3;   0.0;   0;   11.400;   0;   2.9;  11.4; 1015.67;   14.0;   73.79;   20.0;    7.7;    4.4;eor
       3126;20180418;   10;   5.3;   1.2;    3;   0.0;   0;   12.567;   0;   3.1;  12.3; 1021.20;   16.8;   68.08;   24.1;    8.4;    4.6;eor
       3126;20180419;   10;   6.1;   1.5;    3;   0.0;   0;   12.867;   0;   3.9;  12.9; 1020.12;   17.7;   66.71;   25.4;    8.5;    5.2;eor
       3126;20180420;   10;   6.1;   1.8;    3;   0.0;   0;   12.933;   0;  -999;  13.9; 1012.97;   19.5;   64.67;   27.6;   11.7;    6.7;eor
       3126;20180421;   10;   7.4;   1.9;    3;   0.0;   0;   12.150;   0;   5.0;  12.0; 1009.97;   16.8;   64.17;   22.7;   10.1;    5.8;eor
       3126;20180422;   10;  13.5;   2.1;    3;   6.7;   6;   10.500;   0;   4.7;  13.0; 1004.85;   16.5;   69.29;   24.7;    7.1;    3.7;eor
       3126;20180423;   10;  13.3;   3.2;    3;   1.2;   6;    6.950;   0;   7.0;  13.7; 1002.56;   15.9;   75.96;   20.4;    9.5;    5.2;eor
       3126;20180424;   10;  11.9;   2.7;    3;   0.3;   6;    3.467;   0;   7.5;  10.9; 1004.33;   12.4;   76.17;   16.2;    7.8;    4.3;eor
       3126;20180425;   10;  16.3;   3.4;    3;   2.0;   6;    6.000;   0;   5.8;  11.2;  998.70;   12.7;   77.13;   17.6;    6.7;    3.9;eor
       3126;20180426;   10;  12.3;   3.2;    3;   2.9;   6;    5.583;   0;   5.7;   9.4; 1003.92;    9.1;   81.83;   14.2;    4.0;    1.1;eor
       3126;20180427;   10;   7.6;   2.1;    3;   0.0;   0;    9.717;   0;   6.8;   8.4; 1003.74;   11.1;   66.50;   17.2;    4.2;    0.3;eor
       3126;20180428;   10;   9.8;   2.1;    3;   0.0;   6;   11.117;   0;   6.4;  10.0; 1000.55;   14.3;   64.67;   20.7;    5.7;    2.7;eor
       3126;20180429;   10;   7.6;   2.0;    3;   0.0;   6;   10.150;   0;   5.8;  12.0;  998.85;   18.0;   60.21;   24.4;   10.4;    8.3;eor
       3126;20180430;   10;  13.3;   4.0;    3;   0.0;   6;    8.517;   0;   4.6;  11.8;  991.02;   16.4;   63.21;   20.5;   11.8;    8.3;eor
       3126;20180501;   10;  14.4;   4.8;    3;   0.0;   0;    6.933;-999;   3.7;   7.3;  999.70;   10.8;   57.00;   14.8;    4.0;   -1.0;eor
       3126;20180502;   10;   6.5;   1.6;    3;   0.0;   0;    1.617;-999;   6.8;   8.1; 1004.13;   10.3;   66.29;   15.9;    2.0;   -2.0;eor
       3126;20180503;   10;   8.0;   2.2;    3;   0.0;   0;    7.233;-999;   5.0;   8.8; 1005.67;   12.7;   62.33;   18.5;    5.9;    1.5;eor
       3126;20180504;   10;   7.4;   2.0;    3;   0.0;   0;   13.617;-999;   2.3;   7.6; 1013.66;   11.6;   58.63;   18.6;    3.7;   -0.4;eor
       3126;20180505;   10;   8.6;   2.3;    3;   0.0;   0;   14.050;-999;   1.6;   7.4; 1016.80;   13.1;   53.96;   20.5;    3.8;   -0.4;eor
       3126;20180506;   10;   8.5;   2.0;    3;   0.0;   0;   14.167;-999;   0.3;  10.0; 1015.82;   15.7;   59.29;   23.6;    5.6;    1.3;eor
       3126;20180507;   10;   9.3;   2.2;    3;   0.0;   0;   14.183;-999;  -999;  10.3; 1011.65;   17.7;   55.04;   25.3;    6.6;    2.1;eor
       3126;20180508;   10;   9.2;   2.4;    3;   0.0;   0;   14.217;-999;   0.6;  10.6; 1004.58;   19.2;   51.25;   26.2;    8.3;    4.3;eor
       3126;20180509;   10;   8.7;   1.9;    3;   0.0;   0;   10.500;-999;  -999;  13.0;  999.13;   19.6;   58.88;   26.7;    9.8;    6.3;eor
       3126;20180510;   10;  14.8;   2.6;    3;  10.7;   6;    9.500;-999;   5.8;  15.2;  999.10;   18.4;   73.67;   27.0;   12.2;   11.0;eor
       3126;20180511;   10;   6.4;   1.7;    3;   0.0;   0;    8.100;-999;   6.0;  12.1; 1009.31;   15.5;   69.79;   19.9;   11.5;    8.1;eor
       3126;20180512;   10;   7.7;   2.1;    3;   0.0;   0;    5.833;-999;   5.2;  14.5; 1006.76;   17.6;   73.79;   23.7;   10.9;    7.8;eor
       3126;20180513;   10;   9.7;   2.8;    3;   0.0;   0;   13.633;-999;   1.4;  13.1; 1001.58;   21.5;   54.79;   27.8;   14.4;   11.9;eor
       3126;20180514;   10;  12.6;   3.3;    3;   0.0;   0;   14.500;-999;   0.2;   9.8; 1002.94;   20.7;   41.88;   26.5;   13.6;   10.3;eor
       3126;20180515;   10;  12.9;   2.7;    3;   6.0;   6;    7.683;-999;   6.1;  11.3; 1004.53;   16.3;   64.04;   23.9;    9.9;    6.0;eor
       3126;20180516;   10;   9.0;   2.0;    3;   0.0;   6;    4.250;-999;   7.6;  14.5; 1003.25;   15.1;   85.33;   20.5;   10.8;    8.4;eor
       3126;20180517;   10;  10.7;   2.9;    3;   0.0;   6;   11.667;-999;   7.0;  11.9; 1005.65;   14.2;   73.83;   18.4;   10.9;   10.1;eor
       3126;20180518;   10;   8.2;   2.1;    3;   0.0;   0;    0.000;-999;   7.9;  10.8; 1010.00;   11.4;   80.33;   13.3;    9.4;    9.1;eor
       3126;20180519;   10;   4.3;   1.2;    3;   0.0;   0;    3.600;-999;   5.9;  12.0; 1012.01;   13.9;   76.71;   19.0;   10.3;    5.8;eor
       3126;20180520;   10;   9.5;   2.4;    3;   0.0;   0;   14.767;-999;   0.4;   8.8; 1013.73;   16.5;   50.71;   24.0;    7.4;    3.1;eor
       3126;20180521;   10;  11.0;   3.0;    3;   0.0;   0;   14.833;-999;   0.4;   8.8; 1009.35;   18.3;   44.25;   24.6;    8.2;    4.0;eor
       3126;20180522;   10;   7.2;   1.9;    3;   0.0;   0;   12.650;-999;   4.4;   9.6; 1004.85;   19.5;   44.71;   26.2;    9.8;    5.9;eor
       3126;20180523;   10;  10.1;   3.3;    3;   0.0;   0;   13.667;-999;   6.8;  10.7; 1010.22;   20.1;   47.96;   26.1;   10.3;    5.7;eor
       3126;20180524;   10;  10.9;   3.2;    3;   0.0;   0;    7.667;-999;   7.8;  12.0; 1011.26;   21.0;   49.46;   26.1;   15.8;   14.6;eor
       3126;20180525;   10;  10.0;   2.9;    3;   0.0;   0;   11.367;-999;   5.0;  11.6; 1010.13;   22.0;   45.50;   27.9;   15.7;   13.4;eor
       3126;20180526;   10;   7.4;   1.8;    3;   0.0;   0;   14.400;-999;   1.8;  12.4; 1011.54;   21.5;   51.13;   28.1;   13.1;   10.2;eor
       3126;20180527;   10;   7.1;   2.1;    3;   0.0;   0;   11.217;-999;   3.5;  15.0; 1010.18;   21.4;   61.42;   27.8;   13.1;    8.8;eor
       3126;20180528;   10;   7.3;   2.1;    3;   0.0;   6;   12.450;-999;   6.6;  16.4; 1008.52;   24.8;   55.42;   32.3;   16.6;   14.3;eor
       3126;20180529;   10;  10.5;   2.7;    3;   0.0;   0;   12.050;-999;   3.0;  16.3; 1004.29;   26.5;   48.96;   32.8;   18.7;   14.5;eor
       3126;20180530;   10;  16.6;   1.7;    3;  20.4;   8;   10.033;-999;   5.7;  19.1; 1004.28;   21.6;   75.58;   28.8;   16.5;   13.6;eor
       3126;20180531;   10;   5.8;   1.4;    3;   0.0;   0;   12.333;-999;   3.8;  19.4; 1004.48;   23.5;   69.88;   30.4;   15.8;   13.6;eor
       3126;20180601;   10;   7.4;   1.7;    3;   0.2;   6;    6.483;-999;   7.9;  20.1; 1004.56;   21.6;   78.79;   27.0;   17.2;   14.9;eor
       3126;20180602;   10;   8.8;   2.2;    3;   0.1;   6;    0.300;-999;   7.2;  19.2; 1006.41;   19.2;   86.13;   21.5;   16.7;   14.4;eor
       3126;20180603;   10;   5.9;   1.6;    3;   0.0;   0;    5.417;-999;   5.7;  18.0; 1007.48;   20.5;   76.04;   25.2;   16.5;   13.7;eor
       3126;20180604;   10;   6.7;   1.6;    3;   0.0;   0;   10.733;-999;   3.8;  17.6; 1002.73;   21.1;   72.42;   26.9;   15.4;   13.5;eor
       3126;20180605;   10;   8.0;   2.0;    3;   0.0;   0;    9.133;-999;   4.2;  14.5; 1003.19;   19.3;   66.38;   25.6;   15.1;   14.8;eor
       3126;20180606;   10;   8.8;   2.7;    3;   0.0;   0;   14.817;-999;   4.2;  10.8; 1006.02;   20.3;   45.58;   27.0;   14.3;   10.8;eor
       3126;20180607;   10;   7.0;   2.0;    3;   0.0;   0;   13.833;-999;   2.4;  11.9; 1005.57;   22.3;   43.75;   30.1;   13.8;   10.0;eor
       3126;20180608;   10;   7.6;   1.9;    3;   0.0;   0;   13.450;-999;   5.1;  12.3; 1003.07;   24.8;   41.17;   31.4;   17.3;   13.0;eor
       3126;20180609;   10;   9.3;   1.9;    3;   0.0;   6;    6.200;-999;   6.9;  15.5; 1001.84;   23.0;   56.79;   31.9;   16.1;   12.6;eor
       3126;20180610;   10;   9.2;   2.0;    3;   0.0;   6;    6.683;-999;   6.3;  18.8; 1000.36;   22.0;   71.63;   26.8;   16.8;   14.6;eor
       3126;20180611;   10;   8.5;   1.8;    3;   0.0;   0;    6.100;-999;   6.7;  14.3; 1001.52;   19.1;   65.88;   24.6;   15.2;   13.5;eor
       3126;20180612;   10;   7.9;   2.1;    3;   0.0;   0;    1.550;-999;   8.0;  11.8; 1001.09;   16.0;   65.58;   19.9;   12.9;   12.3;eor
       3126;20180613;   10;   8.7;   2.0;    3;   0.0;   6;    0.117;-999;   7.9;  12.0; 1003.19;   14.7;   71.83;   16.8;   10.1;    4.8;eor
       3126;20180614;   10;   6.7;   1.5;    3;   0.0;   6;   12.967;-999;   6.9;  11.1; 1005.33;   17.0;   59.38;   24.0;    8.8;    3.9;eor
       3126;20180615;   10;   4.8;   1.2;    3;   0.9;   6;    2.450;-999;   7.8;  15.2; 1006.89;   18.2;   73.67;   23.7;   14.9;   13.4;eor
       3126;20180616;   10;   6.2;   1.7;    3;   0.0;   6;    7.867;-999;   7.1;  15.1; 1005.20;   21.5;   61.33;   27.1;   15.2;   12.0;eor
       3126;20180617;   10;   9.5;   2.4;    3;   0.0;   6;    6.400;-999;   7.0;  13.6; 1005.93;   19.4;   61.83;   23.9;   14.5;   10.8;eor
       3126;20180618;   10;   8.5;   2.5;    3;   0.0;   6;    6.567;-999;   7.0;  14.2; 1009.78;   19.4;   63.46;   23.8;   14.8;   13.4;eor
       3126;20180619;   10;   8.8;   2.5;    3;   0.0;   0;    4.600;-999;   5.8;  16.5; 1011.60;   20.1;   70.71;   23.7;   15.7;   11.4;eor
       3126;20180620;   10;   6.9;   1.8;    3;   0.0;   0;    8.283;-999;   4.7;  17.6; 1010.17;   21.7;   69.38;   28.0;   16.4;   12.6;eor
       3126;20180621;   10;  17.3;   3.4;    3;   1.0;   6;    8.500;-999;   4.3;  13.3; 1004.27;   16.8;   68.46;   25.3;    9.9;    7.6;eor
       3126;20180622;   10;  13.0;   3.9;    3;   2.4;   6;    6.233;-999;   7.6;  10.3; 1008.75;   13.7;   66.21;   19.0;    9.4;    7.8;eor
       3126;20180623;   10;  11.0;   3.7;    3;   0.4;   6;    0.400;-999;   7.7;  11.5; 1011.22;   13.2;   76.29;   17.8;   10.3;    8.8;eor
       3126;20180624;   10;   8.9;   2.5;    3;   1.7;   6;    0.000;-999;   7.8;  13.0; 1009.95;   13.0;   86.13;   15.2;   11.1;    9.6;eor
       3126;20180625;   10;   8.4;   2.0;    3;   0.0;   6;    4.633;-999;   7.0;  13.6; 1011.29;   15.9;   76.04;   21.0;   10.8;    8.6;eor
       3126;20180626;   10;   7.1;   1.8;    3;   0.0;   6;    5.850;-999;   6.5;  14.2; 1013.39;   18.5;   68.75;   24.9;   13.1;    9.8;eor
       3126;20180627;   10;   9.3;   2.5;    3;   0.0;   0;   12.933;-999;   2.1;  12.7; 1014.50;   19.4;   60.04;   25.7;   10.7;    6.1;eor
       3126;20180628;   10;  10.0;   3.1;    3;   0.0;   0;   11.117;-999;   6.5;  13.8; 1011.37;   21.8;   55.79;   28.7;   13.6;    9.7;eor
       3126;20180629;   10;  11.3;   2.8;    3;   0.0;   0;   14.533;-999;   2.7;  13.0; 1006.76;   22.5;   51.04;   30.3;   12.9;    9.0;eor
       3126;20180630;   10;  10.4;   3.1;    3;   0.0;   0;   14.517;-999;   1.3;   9.1; 1009.40;   18.8;   43.79;   23.9;   13.0;    9.2;eor
       3126;20180701;   10;   9.9;   2.7;    3;   0.0;   0;   14.783;-999;   0.8;   8.5; 1010.61;   18.2;   42.71;   23.9;   11.7;    9.0;eor
       3126;20180702;   10;   8.3;   2.0;    3;   0.0;   0;   15.483;-999;   0.1;   8.8; 1008.43;   18.1;   45.79;   24.8;    8.7;    6.0;eor
       3126;20180703;   10;   9.6;   1.9;    3;   0.0;   0;   15.400;-999;   1.1;   9.5; 1006.53;   20.6;   42.25;   28.3;   10.3;    5.4;eor
       3126;20180704;   10;   9.5;   1.6;    3;   0.0;   0;   13.767;-999;   2.8;  11.7; 1003.73;   22.8;   46.25;   31.2;   11.8;    7.1;eor
       3126;20180705;   10;   8.0;   2.3;    3;   0.0;   0;   12.417;-999;   5.5;  14.1; 1001.47;   23.8;   49.63;   30.7;   16.3;   13.7;eor
       3126;20180706;   10;   8.8;   2.3;    3;   0.0;   6;    5.050;-999;   5.5;  12.8; 1007.15;   17.9;   62.50;   23.9;    9.3;    4.7;eor
       3126;20180707;   10;  10.9;   2.6;    3;   0.0;   0;   14.600;-999;   3.0;  11.4; 1010.58;   18.1;   57.67;   25.6;    9.3;    4.5;eor
       3126;20180708;   10;   8.4;   2.2;    3;   0.0;   0;    7.967;-999;   4.5;  14.0; 1011.01;   19.3;   64.17;   27.1;   11.6;    9.6;eor
       3126;20180709;   10;  10.5;   2.5;    3;   0.0;   0;    8.567;-999;   6.0;  12.8; 1009.45;   18.3;   61.88;   24.0;   11.9;    9.3;eor
       3126;20180710;   10;   5.5;   1.4;    3;   0.0;   6;    2.933;-999;   7.3;  11.5; 1005.56;   16.9;   60.63;   20.6;   13.5;   11.9;eor
       3126;20180711;   10;   7.1;   1.6;    3;   1.6;   6;    1.700;-999;   7.4;  13.6; 1004.53;   16.4;   73.71;   22.7;   12.7;   10.1;eor
       3126;20180712;   10;  13.5;   2.3;    3;   2.8;   6;    3.100;-999;   7.5;  15.7; 1004.93;   18.7;   74.83;   27.0;   12.9;   11.9;eor
       3126;20180713;   10;   7.7;   2.3;    3;   0.0;   0;   15.000;-999;   1.0;  15.6; 1008.30;   19.4;   71.08;   25.5;   14.5;   11.2;eor
       3126;20180714;   10;   8.7;   2.1;    3;   0.0;   0;   14.833;-999;   0.6;  14.0; 1009.34;   19.0;   66.21;   25.6;   12.1;    9.6;eor
       3126;20180715;   10;   7.5;   1.8;    3;   0.0;   0;   14.867;-999;   0.1;  12.3; 1007.38;   19.3;   58.67;   26.3;   10.9;    7.3;eor
       3126;20180716;   10;   6.3;   1.5;    3;   0.0;   0;   14.783;-999;   3.0;  12.9; 1003.94;   21.8;   53.63;   29.3;   12.0;    8.5;eor
       3126;20180717;   10;   9.3;   2.0;    3;   0.0;   0;   13.883;-999;   3.6;  13.1; 1002.30;   23.8;   47.38;   31.7;   14.5;   10.7;eor
       3126;20180718;   10;  11.0;   2.6;    3;   0.0;   0;   13.217;-999;  -999;  13.7; 1006.07;   21.5;   54.42;   26.2;   16.1;   13.7;eor
       3126;20180719;   10;   7.9;   2.1;    3;   0.0;   0;   14.633;-999;   0.3;  12.1; 1007.34;   20.8;   53.29;   28.0;   12.7;   10.6;eor
       3126;20180720;   10;   5.8;   1.6;    3;   0.0;   0;    9.933;-999;   5.2;  11.9; 1004.45;   22.3;   47.29;   29.3;   12.4;    8.9;eor
       3126;20180721;   10;   7.3;   1.9;    3;   1.0;   6;    6.750;-999;   7.7;  13.0; 1001.88;   23.5;   46.13;   29.7;   15.3;   11.5;eor
       3126;20180722;   10;   9.6;   2.0;    3;   2.3;   6;    2.717;-999;   7.7;  18.6; 1003.27;   21.4;   74.29;   28.4;   16.8;   13.7;eor
       3126;20180723;   10;   7.6;   1.6;    3;   0.0;   0;   14.100;-999;   0.7;  16.2; 1006.25;   22.1;   64.13;   29.1;   14.3;   11.7;eor
       3126;20180724;   10;   5.6;   1.4;    3;   0.0;   0;   14.633;-999;   0.6;  16.1; 1005.36;   25.4;   53.00;   32.6;   15.4;   12.3;eor
       3126;20180725;   10;   7.8;   1.7;    3;   0.0;   0;   13.950;-999;   1.0;  17.0; 1005.03;   27.3;   49.88;   34.3;   17.8;   14.9;eor
       3126;20180726;   10;   9.8;   2.5;    3;   0.0;   0;   13.783;-999;   2.5;  16.2; 1006.50;   27.3;   47.67;   33.8;   18.3;   15.5;eor
       3126;20180727;   10;   9.6;   1.9;    3;   1.1;   6;   10.250;-999;   4.0;  18.3; 1004.50;   25.6;   58.46;   33.2;   18.0;   14.4;eor
       3126;20180728;   10;  14.3;   2.1;    3;  12.8;   6;   10.117;-999;   3.8;  20.4;  999.70;   24.0;   72.25;   34.5;   17.5;   15.1;eor
       3126;20180729;   10;   6.7;   1.8;    3;   0.0;   0;   10.550;-999;   5.5;  17.2; 1005.45;   22.9;   65.25;   29.6;   16.0;   14.4;eor
       3126;20180730;   10;   5.5;   1.4;    3;   0.0;   0;   13.900;-999;   2.6;  16.6; 1005.55;   28.2;   46.29;   34.8;   19.5;   16.6;eor
       3126;20180731;   10;   8.6;   2.0;    3;   0.7;   6;   12.900;-999;   2.5;  16.7; 1005.24;   29.7;   42.92;   37.3;   19.4;   16.8;eor
       3126;20180801;   10;   7.8;   2.6;    3;  30.3;   8;    9.900;-999;   5.1;  17.4; 1009.60;   26.3;   52.88;   32.9;   19.7;   17.3;eor
       3126;20180802;   10;   6.2;   1.6;    3;   6.0;   6;    7.933;-999;   4.7;  21.8; 1012.56;   23.1;   79.38;   29.1;   19.4;   18.1;eor
       3126;20180803;   10;   6.2;   1.5;    3;   0.0;   0;   13.850;-999;   0.9;  18.3; 1011.20;   26.3;   56.79;   32.9;   18.0;   16.2;eor
       3126;20180804;   10;   6.7;   1.7;    3;   0.1;   6;   11.500;-999;   3.6;  18.1; 1007.29;   26.8;   52.88;   33.1;   20.7;   17.6;eor
       3126;20180805;   10;   9.2;   2.3;    3;   0.0;   0;    9.733;-999;   5.7;  15.4; 1010.37;   21.3;   61.96;   26.0;   15.4;   11.8;eor
       3126;20180806;   10;   5.4;   1.5;    3;   0.0;   0;   14.183;-999;   0.7;  13.3; 1008.10;   22.0;   53.67;   29.9;   13.4;   10.1;eor
       3126;20180807;   10;   9.2;   2.1;    3;   0.0;   0;   13.383;-999;   2.8;  14.1; 1001.23;   27.1;   42.83;   36.1;   15.8;   12.0;eor
       3126;20180808;   10;  10.9;   2.1;    3;   0.0;   0;   10.900;-999;   5.5;  16.8; 1000.69;   27.7;   47.21;   34.6;   21.3;   17.3;eor
       3126;20180809;   10;  14.7;   2.3;    3;   7.3;   6;    9.533;-999;   4.0;  18.9; 1002.90;   24.8;   63.71;   34.5;   18.5;   15.5;eor
       3126;20180810;   10;  11.0;   3.1;    3;   0.0;   0;    8.383;-999;   5.3;  12.3; 1009.72;   20.1;   52.96;   24.4;   15.2;   11.2;eor
       3126;20180811;   10;  13.6;   3.4;    3;   0.0;   6;    8.133;-999;   5.1;  10.4; 1010.28;   18.1;   51.92;   23.1;   11.9;    8.3;eor
       3126;20180812;   10;   7.1;   1.7;    3;   0.0;   0;   11.983;-999;   7.6;   9.9; 1006.19;   19.6;   47.67;   27.4;   11.3;    7.6;eor
       3126;20180813;   10;  11.2;   2.2;    3;   0.2;   6;    7.117;-999;   6.6;  13.4;  998.01;   20.7;   56.71;   30.6;   12.3;    8.8;eor
       3126;20180814;   10;  13.7;   3.5;    3;   0.3;   6;    4.500;-999;   5.3;  15.9; 1001.46;   18.9;   73.00;   23.2;   14.7;   11.5;eor
       3126;20180815;   10;   8.1;   1.8;    3;   0.0;   0;    6.333;-999;   7.1;  14.4; 1008.47;   19.1;   67.21;   25.2;   13.0;    9.9;eor
       3126;20180816;   10;   7.2;   1.8;    3;   0.0;   0;   12.717;-999;   2.9;  14.1; 1006.43;   22.1;   57.29;   30.5;   12.6;    9.7;eor
       3126;20180817;   10;  11.1;   2.2;    3;   4.7;   6;   11.900;-999;   5.5;  15.8; 1005.53;   21.9;   61.75;   28.8;   15.2;   12.3;eor
       3126;20180818;   10;   6.0;   1.3;    3;   0.0;   0;    8.083;-999;   6.5;  14.7; 1010.93;   20.5;   63.33;   27.0;   15.5;   12.0;eor
       3126;20180819;   10;   5.6;   1.2;    3;   0.0;   0;   13.133;-999;   3.3;  13.0; 1009.28;   21.9;   53.21;   30.4;   13.3;   10.2;eor
       3126;20180820;   10;   8.4;   2.2;    3;   0.0;   0;    0.383;-999;   6.8;  16.0; 1007.75;   21.0;   64.38;   24.4;   16.4;   12.8;eor
       3126;20180821;   10;   5.9;   1.7;    3;   0.0;   6;    8.267;-999;  -999;  13.1; 1011.16;   20.4;   56.29;   25.5;   14.7;   10.3;eor
       3126;20180822;   10;   5.6;   1.4;    3;   0.0;   0;   13.150;-999;  -999;  11.6; 1008.15;   21.3;   49.88;   29.4;   11.1;    7.9;eor
       3126;20180823;   10;   9.4;   1.4;    3;   0.2;   6;   11.567;-999;   5.1;  15.7; 1001.14;   23.7;   56.38;   32.4;   16.0;   12.9;eor
       3126;20180824;   10;  11.6;   2.1;    3;   0.3;   6;    2.450;-999;   7.9;  14.5;  999.52;   18.5;   67.50;   21.6;   12.8;    9.1;eor
       3126;20180825;   10;  12.2;   3.0;    3;   1.2;   6;    4.717;-999;   5.5;  10.6; 1000.11;   14.7;   64.58;   19.5;   11.1;    8.9;eor
       3126;20180826;   10;   8.4;   2.4;    3;   0.0;   0;    9.417;-999;   2.7;   9.1; 1005.27;   14.5;   57.75;   20.8;    9.1;    5.7;eor
       3126;20180827;   10;  13.2;   3.5;    3;   0.0;   6;    1.333;-999;   7.7;  11.5; 1002.48;   17.3;   56.75;   22.5;   11.8;    8.0;eor
       3126;20180828;   10;   5.5;   1.7;    3;   0.0;   0;    5.250;-999;   7.3;  11.8; 1009.17;   17.8;   59.54;   23.4;   10.8;    7.1;eor
       3126;20180829;   10;   8.1;   1.8;    3;   2.1;   6;   11.967;-999;  -999;  11.7; 1004.34;   19.7;   56.04;   29.3;    9.0;    5.1;eor
       3126;20180830;   10;  11.2;   2.8;    3;   2.1;   6;    0.017;-999;   7.1;  15.2; 1005.24;   17.3;   76.88;   21.5;   12.8;   11.0;eor
       3126;20180831;   10;   8.7;   2.1;    3;   0.0;   0;    7.417;-999;   6.5;  10.6; 1011.31;   15.0;   64.67;   20.8;   10.1;    6.4;eor
       3126;20180901;   10;   7.8;   1.9;    3;   0.0;   0;    8.117;-999;  -999;  11.4; 1014.92;   16.0;   65.17;   22.8;    8.5;    4.7;eor
       3126;20180902;   10;   8.4;   2.2;    3;   1.3;   6;    0.517;-999;   7.3;  14.7; 1014.39;   16.6;   77.21;   18.7;   13.4;   10.5;eor
       3126;20180903;   10;   9.5;   2.3;    3;   0.0;   6;    6.567;-999;   5.9;  16.3; 1007.38;   21.5;   66.21;   28.4;   14.9;   12.0;eor
       3126;20180904;   10;   6.2;   1.9;    3;   0.0;   0;    9.033;-999;   5.5;  14.9; 1006.46;   20.6;   64.00;   27.0;   14.6;   11.1;eor
       3126;20180905;   10;   6.4;   1.7;    3;   0.0;   0;    6.950;-999;   3.6;  14.4; 1008.04;   18.0;   72.67;   25.1;   11.7;    7.9;eor
       3126;20180906;   10;   7.4;   1.9;    3;   2.0;   6;    9.400;-999;   3.3;  13.6; 1002.40;   20.1;   61.96;   27.8;   10.9;    7.3;eor
       3126;20180907;   10;   9.0;   2.0;    3;   0.2;   6;    3.717;-999;   6.9;  15.1; 1002.39;   17.8;   75.25;   23.4;   10.4;    6.5;eor
       3126;20180908;   10;   7.9;   2.3;    3;   0.0;   6;   10.100;-999;   5.0;  10.0; 1009.49;   16.0;   57.21;   22.5;    9.8;    5.9;eor
       3126;20180909;   10;   6.5;   1.4;    3;   0.0;   0;    7.583;-999;   6.2;  10.9; 1010.75;   18.3;   54.92;   25.4;   11.8;    8.6;eor
       3126;20180910;   10;   6.8;   1.4;    3;   0.0;   0;    1.467;-999;   7.7;  12.2; 1010.64;   18.7;   58.46;   25.7;   11.2;    7.7;eor
       3126;20180911;   10;  11.2;   2.9;    3;   0.0;   0;    9.467;-999;   7.7;  12.5; 1010.13;   21.4;   50.75;   27.4;   16.6;   14.5;eor
       3126;20180912;   10;  11.9;   3.5;    3;   0.7;   6;    9.833;-999;   4.1;  13.9; 1009.43;   20.5;   59.42;   28.2;   14.3;   11.6;eor
       3126;20180913;   10;   5.7;   1.8;    3;   0.5;   6;    0.000;-999;   7.9;  13.0; 1010.96;   14.1;   80.67;   15.9;   13.0;   12.2;eor
       3126;20180914;   10;   5.3;   1.1;    3;   0.0;   6;    2.817;-999;   7.7;  12.6; 1010.11;   15.8;   71.63;   20.8;   12.2;    8.0;eor
       3126;20180915;   10;  10.9;   2.8;    3;   0.0;   0;    7.033;-999;   6.5;  11.0; 1011.92;   16.1;   61.17;   21.9;   11.9;    7.9;eor
       3126;20180916;   10;   7.6;   1.6;    3;   0.0;   0;    9.317;-999;   7.6;  10.6; 1012.95;   16.0;   62.13;   23.6;    8.1;    4.0;eor
       3126;20180917;   10;   6.4;   1.3;    3;   0.0;   0;   10.767;-999;  -999;  10.2; 1009.06;   18.0;   54.21;   27.4;    8.4;    3.9;eor
       3126;20180918;   10;   8.9;   2.2;    3;   0.0;   0;   11.467;-999;   3.0;  10.9; 1004.57;   21.5;   47.83;   31.7;    9.9;    5.6;eor
       3126;20180919;   10;   9.6;   2.6;    3;   0.0;   0;   10.683;-999;   4.4;  13.7; 1007.08;   22.8;   51.83;   30.4;   15.0;   11.2;eor
       3126;20180920;   10;  10.8;   2.2;    3;   0.0;   0;    8.767;-999;   7.5;  13.5; 1006.13;   21.6;   54.88;   29.2;   15.1;   10.6;eor
       3126;20180921;   10;  14.6;   3.9;    3;   2.2;   6;    3.033;-999;   5.9;  12.2;  998.59;   17.8;   62.04;   28.2;   10.5;    7.3;eor
       3126;20180922;   10;  11.2;   3.8;    3;   0.3;   6;    4.600;-999;   5.7;   9.5; 1007.02;   13.3;   63.33;   18.0;   10.5;    7.7;eor
       3126;20180923;   10;  10.3;   2.3;    3;  15.0;   6;    0.000;-999;   7.8;  10.8; 1002.50;   10.5;   85.17;   13.5;    8.6;    6.9;eor
       3126;20180924;   10;  13.2;   4.0;    3;   0.0;   6;    7.633;-999;   3.3;   8.7; 1016.17;    9.6;   73.46;   13.4;    6.5;    4.6;eor
       3126;20180925;   10;   7.8;   2.2;    3;   0.0;   0;    9.067;-999;   3.3;   7.7; 1026.75;    9.4;   67.08;   15.2;    5.2;    2.3;eor
       3126;20180926;   10;   8.4;   3.0;    3;   0.0;   0;    9.283;-999;   7.7;   7.2; 1022.25;   12.7;   51.63;   18.2;    5.6;    2.2;eor
       3126;20180927;   10;   8.4;   2.6;    3;   0.1;   6;    8.800;-999;   3.3;  12.3; 1015.28;   17.5;   61.29;   23.9;   10.7;    5.3;eor
       3126;20180928;   10;   9.6;   2.3;    3;   0.0;   6;    5.517;-999;   4.3;   8.1; 1013.21;   12.1;   58.58;   17.1;    5.3;    1.0;eor
       3126;20180929;   10;   5.1;   1.3;    3;   0.0;   0;   10.833;-999;   1.3;   7.2; 1017.73;    9.0;   66.17;   15.8;    3.1;   -0.9;eor
       3126;20180930;   10;   5.4;   1.5;    3;   0.0;   0;   10.717;-999;   2.3;   7.0; 1007.03;   10.3;   60.50;   19.1;    2.7;   -1.1;eor
       3126;20181001;   10;   9.6;   2.5;    3;   0.3;   6;    1.650;-999;   6.0;   8.4; 1003.77;    8.9;   73.96;   15.4;    3.7;   -0.2;eor
       3126;20181002;   10;  13.7;   4.5;    3;   1.0;   6;    0.000;   0;   6.6;   9.0; 1004.89;    8.8;   78.63;   12.2;    4.8;    2.2;eor
       3126;20181003;   10;  13.4;   4.3;    3;   1.3;   6;    3.800;   0;   5.5;   9.4; 1009.53;   11.2;   71.21;   14.3;    8.9;    6.0;eor
       3126;20181004;   10;   7.6;   2.3;    3;   0.0;   6;    0.150;   0;   7.1;  10.7; 1015.59;   11.3;   79.17;   15.6;    6.6;    2.7;eor
       3126;20181005;   10;   7.3;   1.8;    3;   0.0;   0;   10.383;   0;   2.9;  10.4; 1010.28;   12.8;   72.71;   21.0;    5.7;    2.0;eor
       3126;20181006;   10;   6.8;   2.2;    3;   0.0;   0;    8.800;   0;   5.9;  11.4; 1000.32;   16.3;   63.67;   25.4;    7.8;    3.0;eor
       3126;20181007;   10;  10.3;   2.0;    3;   0.0;   0;    1.700;   0;   7.4;  10.1; 1007.06;   10.9;   77.25;   14.6;    2.9;   -0.8;eor
       3126;20181008;   10;   6.8;   1.2;    3;   0.0;   0;    9.817;   0;   7.4;   8.4; 1012.30;    8.6;   77.17;   17.0;    1.0;   -2.7;eor
       3126;20181009;   10;   3.8;   1.2;    3;   0.0;   0;    6.167;   0;   7.8;  10.9; 1012.32;   11.6;   80.46;   20.8;    4.3;    1.2;eor
       3126;20181010;   10;   9.1;   1.9;    3;   0.0;   0;    8.333;   0;   3.9;  12.2; 1010.97;   15.1;   73.83;   24.0;    6.1;    3.0;eor
       3126;20181011;   10;  10.1;   2.7;    3;   0.0;   0;    9.950;   0;   0.0;  10.7; 1006.52;   16.9;   58.38;   24.4;    9.3;    4.6;eor
       3126;20181012;   10;   6.4;   1.8;    3;   0.0;   0;    9.883;   0;   2.0;  11.6; 1011.13;   17.2;   61.71;   27.4;    8.9;    5.3;eor
       3126;20181013;   10;   7.2;   2.1;    3;   0.0;   0;    9.867;   0;   0.4;  11.5; 1011.90;   17.8;   59.92;   26.7;   10.7;    6.6;eor
       3126;20181014;   10;   9.0;   2.6;    3;   0.0;   0;    9.767;   0;   0.3;  10.4; 1004.54;   16.1;   59.08;   23.3;    9.8;    6.5;eor
       3126;20181015;   10;   7.0;   1.9;    3;   0.0;   0;    9.667;   0;   2.0;  10.0; 1004.47;   15.1;   60.67;   24.2;    8.7;    4.1;eor
       3126;20181016;   10;   4.4;   1.0;    3;   0.0;   6;    5.183;   0;   6.5;  10.6; 1007.95;   14.8;   64.83;   22.7;    8.6;    5.3;eor
       3126;20181017;   10;   2.8;   0.8;    3;   0.0;   0;    8.200;   0;   4.0;  12.3; 1008.99;   14.5;   76.75;   22.3;    9.2;    5.7;eor
       3126;20181018;   10;   5.9;   1.6;    3;   0.0;   0;    0.000;   0;   6.3;  12.2; 1011.85;   12.2;   85.83;   15.6;    7.7;    4.7;eor
       3126;20181019;   10;   5.6;   1.5;    3;   0.0;   0;    8.633;   0;   3.0;   8.4; 1015.52;    8.3;   78.79;   14.9;    3.5;   -0.7;eor
       3126;20181020;   10;   6.4;   1.5;    3;   0.0;   0;    3.667;   0;   7.3;   8.0; 1018.52;    9.4;   69.50;   14.3;    2.9;   -0.6;eor
       3126;20181021;   10;   5.0;   1.1;    3;   0.0;   0;    5.133;   0;   6.7;   9.6; 1018.14;   10.3;   77.88;   16.6;    5.9;    1.9;eor
       3126;20181022;   10;   9.8;   2.0;    3;   2.0;   6;    0.550;   0;   4.5;   9.0; 1017.77;    8.4;   81.08;   12.4;    4.6;   -0.1;eor
       3126;20181023;   10;  18.7;   5.9;    3;   2.8;   6;    0.000;   0;   7.5;   9.7; 1006.63;    9.5;   79.79;   12.3;    4.2;    2.0;eor
       3126;20181024;   10;  13.3;   3.5;    3;   0.2;   6;    1.933;   0;   7.1;  10.3; 1005.86;   11.1;   77.92;   13.2;    9.2;    6.4;eor
       3126;20181025;   10;  12.8;   4.3;    3;   0.0;   6;    0.983;   0;   7.5;  11.1; 1003.49;   11.8;   80.08;   13.6;    9.2;    6.4;eor
       3126;20181026;   10;   9.2;   3.4;    3;   0.0;   6;    0.017;   0;   7.9;   9.8;  996.44;   10.7;   76.21;   13.4;    8.8;    7.7;eor
       3126;20181027;   10;  11.8;   3.5;    3;   0.0;   6;    1.700;   0;   7.7;   7.3;  996.63;    7.4;   70.92;   10.0;    2.5;   -0.6;eor
       3126;20181028;   10;   9.8;   3.2;    3;   0.0;   6;    0.000;   0;   8.0;   6.9; 1004.35;    4.9;   80.79;    7.4;    1.5;   -0.3;eor
       3126;20181029;   10;   9.3;   3.6;    3;   0.8;   6;    0.000;   0;   7.9;   7.5;  995.96;    4.6;   88.17;    6.3;    4.0;    3.5;eor
       3126;20181030;   10;  14.3;   4.2;    3;   0.2;   6;    2.533;   0;   7.5;   8.9;  984.55;    8.8;   79.17;   14.2;    4.9;    4.6;eor
       3126;20181031;   10;  10.9;   3.1;    3;   0.0;   0;    8.133;   0;   5.4;   7.4; 1005.48;    9.1;   64.88;   13.4;    3.8;    0.0;eor
       3126;20181101;   10;   9.4;   1.8;    3;   0.0;   0;    1.850;   0;   5.5;   7.8; 1002.91;    6.5;   80.96;   10.8;    0.3;   -2.4;eor
       3126;20181102;   10;   8.9;   2.6;    3;   0.0;   0;    7.750;   0;   4.1;   8.5; 1011.16;    9.2;   74.25;   14.8;    3.9;   -0.4;eor
       3126;20181103;   10;   4.0;   1.2;    3;   0.0;   6;    0.167;   0;   7.3;   8.3; 1018.59;    7.2;   82.04;   10.0;    3.7;   -0.6;eor
       3126;20181104;   10;   3.7;   1.1;    3;   0.0;   0;    0.000;   0;   8.0;  10.3; 1009.46;    8.9;   89.75;   10.8;    5.2;    4.5;eor
       3126;20181105;   10;   7.0;   2.0;    3;   0.0;   0;    0.000;   0;   8.0;  11.8; 1001.49;   11.0;   89.21;   13.3;    8.3;    4.9;eor
       3126;20181106;   10;   5.1;   1.8;    3;   0.0;   0;    7.683;   0;   3.8;  10.6;  999.50;   10.5;   84.17;   17.1;    6.7;    2.3;eor
       3126;20181107;   10;   3.8;   1.2;    3;   0.0;   6;    8.100;   0;   5.3;   9.9; 1001.25;    9.3;   85.25;   17.5;    3.3;   -0.1;eor
       3126;20181108;   10;   5.2;   1.2;    3;   1.4;   6;    0.550;   0;   7.6;  10.0; 1010.01;    9.9;   83.13;   15.2;    4.3;    0.9;eor
       3126;20181109;   10;   6.2;   1.8;    3;   0.0;   6;    0.417;   0;   7.8;  10.7; 1006.55;    9.2;   91.67;   11.1;    6.4;    3.5;eor
       3126;20181110;   10;  10.2;   2.8;    3;   0.8;   6;    2.267;   0;   8.0;   9.8;  999.38;    9.4;   82.96;   12.7;    5.6;    3.3;eor
       3126;20181111;   10;   9.4;   2.7;    3;   2.2;   6;    3.250;   0;   6.8;  10.7; 1000.89;   11.1;   81.67;   14.4;    8.6;    5.3;eor
       3126;20181112;   10;   8.1;   2.6;    3;   2.4;   6;    1.250;   0;   7.9;  11.3; 1005.73;   13.3;   75.21;   17.2;    9.4;    6.3;eor
       3126;20181113;   10;  11.1;   2.1;    3;   6.5;   6;    1.933;   0;   5.0;  11.2; 1012.24;   10.8;   86.42;   14.5;    6.5;    2.9;eor
       3126;20181114;   10;   4.8;   1.8;    3;   0.0;   0;    7.350;   0;   5.7;   9.0; 1019.02;    8.2;   82.92;   12.7;    4.3;    0.0;eor
       3126;20181115;   10;   6.8;   2.1;    3;   0.0;   0;    6.667;   0;   4.3;   8.2; 1018.66;    6.3;   86.21;   11.8;    3.6;    0.3;eor
       3126;20181116;   10;   6.8;   2.4;    3;   0.0;   0;    7.633;   0;   3.2;   6.9; 1022.78;    4.7;   81.38;    9.7;    1.6;   -1.3;eor
       3126;20181117;   10;   7.4;   2.2;    3;   0.0;   0;    6.683;   0;   1.6;   5.7; 1025.81;    2.1;   80.96;    5.6;   -1.6;   -5.3;eor
       3126;20181118;   10;   7.2;   1.9;    3;   0.4;   6;    3.267;   0;   5.1;   5.6; 1020.59;    0.9;   83.75;    5.1;   -5.1;   -7.2;eor
       3126;20181119;   10;  12.6;   3.8;    3;   1.4;   8;    0.983;   0;   7.9;   6.7; 1011.66;    4.0;   82.67;    5.6;    2.2;    0.5;eor
       3126;20181120;   10;  13.4;   4.3;    3;   1.2;   8;    0.000;   0;   7.7;   5.6; 1006.50;    2.1;   78.58;    3.2;    0.6;   -0.8;eor
       3126;20181121;   10;   7.6;   2.5;    3;   0.5;   8;    0.000;   0;   7.8;   5.6; 1010.26;    1.3;   82.58;    2.3;    0.3;   -1.4;eor
       3126;20181122;   10;   6.2;   2.2;    3;   0.0;   7;    0.000;   0;   8.0;   5.9; 1013.00;    1.7;   85.29;    2.4;    0.8;    0.1;eor
       3126;20181123;   10;   5.9;   1.8;    3;   0.0;   6;    0.267;   0;   5.5;   6.5; 1010.38;    2.3;   90.38;    5.7;   -0.4;   -3.6;eor
       3126;20181124;   10;   3.6;   1.3;    3;   0.3;   8;    0.000;   0;   8.0;   6.1; 1003.80;    0.6;   96.04;    2.2;   -0.8;   -1.0;eor
       3126;20181125;   10;   6.5;   1.7;    3;   0.0;   6;    0.400;   0;   8.0;   7.6; 1001.89;    4.0;   93.96;    6.2;    2.2;    1.6;eor
       3126;20181126;   10;   8.2;   2.6;    3;   0.0;   0;    0.000;   0;   8.0;   6.5; 1003.65;    3.1;   85.17;    4.8;    0.9;    0.7;eor
       3126;20181127;   10;   5.4;   1.8;    3;   0.0;   0;    2.717;   0;   7.4;   5.0; 1011.80;    0.0;   81.92;    2.7;   -3.4;   -6.8;eor
       3126;20181128;   10;   9.5;   3.0;    3;   0.0;   0;    5.067;   0;   4.5;   4.3; 1016.00;   -1.4;   78.83;    2.4;   -4.7;   -8.0;eor
       3126;20181129;   10;  10.7;   4.3;    3;   0.3;   6;    0.100;   0;   8.0;   4.4; 1008.97;    2.3;   61.46;    5.0;   -1.6;   -3.1;eor
       3126;20181130;   10;   9.7;   2.9;    3;   0.9;   6;    0.000;   0;   7.8;   6.1; 1003.37;    3.4;   77.46;    4.9;    2.1;    0.2;eor
       3126;20181201;   10;   8.1;   2.7;    3;   0.0;   0;    4.533;   0;   7.1;   7.7; 1003.15;    5.7;   84.88;   10.1;    2.0;   -2.0;eor
       3126;20181202;   10;   7.5;   3.2;    3;   6.9;   6;    0.000;   0;   7.8;   9.6;  991.85;    8.1;   88.08;   11.6;    5.3;    3.6;eor
       3126;20181203;   10;  10.2;   2.9;    3;   7.0;   6;    2.033;   0;   7.3;  11.1;  989.80;   11.0;   84.79;   14.6;    8.4;    4.4;eor
       3126;20181204;   10;  11.8;   3.4;    3;   0.5;   6;    5.600;   0;   3.8;   7.8; 1005.21;    6.5;   79.21;   10.7;    2.5;   -0.4;eor
       3126;20181205;   10;   7.0;   2.3;    3;   0.2;   6;    6.283;   0;   6.4;   5.9; 1015.33;    2.6;   79.92;    6.2;   -0.3;   -3.6;eor
       3126;20181206;   10;   7.4;   2.9;    3;   0.2;   6;    0.017;   0;   7.8;   8.3; 1005.53;    6.5;   83.63;   10.5;    2.1;    0.9;eor
       3126;20181207;   10;  18.1;   3.7;    3;   2.5;   6;    0.000;   0;   7.9;  11.0;  994.93;   11.3;   82.13;   12.4;    8.0;    6.4;eor
       3126;20181208;   10;  12.9;   5.2;    3;   2.4;   6;    0.467;   0;   6.7;   7.5;  990.02;    7.2;   73.42;    8.7;    4.8;    2.7;eor
       3126;20181209;   10;  14.3;   5.4;    3;   3.9;   6;    0.750;   0;   7.9;   8.3;  984.77;    7.5;   79.88;    8.9;    5.7;    4.3;eor
       3126;20181210;   10;  13.7;   5.6;    3;   1.5;   6;    2.950;   0;   6.9;   6.7; 1001.40;    4.6;   78.83;    5.8;    3.4;    2.3;eor
       3126;20181211;   10;  13.6;   3.8;    3;   0.1;   6;    0.117;   0;   7.7;   6.7; 1006.44;    4.3;   80.79;    5.4;    3.5;    2.6;eor
       3126;20181212;   10;   6.9;   2.2;    3;   2.3;   6;    0.000;   0;   7.2;   6.9; 1013.99;    2.9;   91.00;    4.2;    1.6;   -1.3;eor
       3126;20181213;   10;   6.1;   2.1;    3;   0.0;   8;    0.000;   0;   7.9;   6.3; 1013.50;    1.9;   89.67;    2.8;    0.9;   -0.1;eor
       3126;20181214;   10;   6.4;   2.2;    3;   0.0;   0;    0.000;   0;   7.9;   5.0; 1015.14;    0.3;   80.50;    0.9;   -0.3;   -1.6;eor
       3126;20181215;   10;   5.4;   2.0;    3;   0.0;   8;    0.000;   0;   7.0;   4.8; 1016.90;   -0.3;   81.08;    0.3;   -1.9;   -3.6;eor
       3126;20181216;   10;   8.2;   2.7;    3;   0.1;   8;    0.000;   0;   8.0;   4.9; 1005.19;   -0.2;   80.96;    0.7;   -1.2;   -4.1;eor
       3126;20181217;   10;   4.4;   1.3;    3;   0.1;   8;    3.517;   1;   7.8;   6.0; 1009.43;    1.6;   87.58;    3.8;    0.0;   -2.5;eor
       3126;20181218;   10;   6.4;   2.4;    3;   0.0;   0;    3.200;   0;   7.2;   6.8; 1013.60;    3.8;   84.50;    7.3;    0.7;   -2.1;eor
       3126;20181219;   10;   8.1;   2.7;    3;   1.5;   6;    0.000;   0;   8.0;   6.2; 1005.64;    2.0;   87.83;    3.6;    0.3;   -1.5;eor
       3126;20181220;   10;   6.8;   2.4;    3;   0.4;   6;    0.233;   0;   8.0;   7.6; 1003.50;    5.0;   86.71;    7.6;    2.7;    0.6;eor
       3126;20181221;   10;  17.7;   4.2;    3;   5.7;   6;    0.000;   0;   7.8;   8.9;  994.74;    7.6;   84.96;   12.2;    5.3;    3.0;eor
       3126;20181222;   10;  14.8;   3.9;    3;   6.2;   6;    0.133;   0;   7.8;   8.8;  998.66;    7.5;   85.46;   10.2;    6.2;    4.7;eor
       3126;20181223;   10;   8.6;   2.7;    3;   4.4;   6;    0.000;   0;   7.9;   8.6; 1005.90;    6.9;   86.96;    8.6;    5.4;    4.5;eor
       3126;20181224;   10;   9.5;   3.3;    3;   0.1;   8;    0.150;   0;   7.8;   6.5; 1014.27;    3.1;   84.54;    5.5;    1.3;    0.5;eor
       3126;20181225;   10;  10.6;   3.8;    3;   0.0;   6;    0.533;   0;   7.8;   6.8; 1019.99;    5.0;   78.08;    6.1;    3.5;    2.4;eor
       3126;20181226;   10;  10.6;   3.7;    3;   0.1;   6;    0.000;   0;   7.9;   7.8; 1017.95;    5.2;   88.21;    6.0;    3.8;    3.1;eor
       3126;20181227;   10;   7.0;   2.5;    3;   0.0;   6;    0.000;   0;   8.0;   7.0; 1015.22;    5.3;   78.54;    6.6;    2.9;   -0.3;eor
       3126;20181228;   10;   7.9;   2.7;    3;   0.2;   6;    0.000;   0;   7.8;   8.3; 1015.81;    5.6;   90.67;    6.5;    5.2;    4.4;eor
       3126;20181229;   10;  11.4;   3.5;    3;   3.1;   6;    0.033;   0;   8.0;   8.2; 1015.04;    6.1;   87.42;    8.2;    4.6;    3.3;eor
       3126;20181230;   10;  15.3;   4.1;    3;   0.0;   6;    0.100;   0;   7.7;   8.3; 1014.92;    7.1;   82.13;    8.2;    5.9;    4.4;eor
       3126;20181231;   10;   7.6;   1.8;    3;   0.2;   6;    0.000;   0;   7.8;   9.4; 1019.85;    7.5;   90.21;    9.0;    6.2;    5.4;eor
       3126;20190101;   10;  19.3;   5.5;    3;   1.4;   6;    0.900;   0;   7.0;   7.9; 1010.13;    6.5;   80.67;    8.6;    2.9;    1.5;eor
       3126;20190102;   10;  17.2;   4.3;    3;   0.1;   8;    2.850;   0;   3.7;   4.9; 1016.60;    2.4;   67.29;    4.6;   -0.9;   -3.2;eor
       3126;20190103;   10;   6.9;   2.1;    3;   0.0;   0;    3.050;   0;   4.8;   4.7; 1024.07;    0.3;   75.29;    3.8;   -2.1;   -5.0;eor
       3126;20190104;   10;  11.4;   3.3;    3;   2.0;   8;    0.000;   0;   7.8;   6.7; 1019.16;    2.5;   90.25;    5.7;   -0.4;   -2.2;eor
       3126;20190105;   10;  11.9;   3.5;    3;   0.2;   6;    0.000;   0;   7.6;   9.1; 1011.50;    7.0;   90.17;    8.1;    4.7;    3.6;eor
       3126;20190106;   10;   4.7;   1.2;    3;   1.7;   6;    0.067;   0;   7.3;   6.9; 1017.80;    3.5;   87.92;    5.5;    0.7;   -2.4;eor
       3126;20190107;   10;   9.4;   3.2;    3;   3.4;   6;    0.883;   0;   7.4;   8.2; 1015.27;    5.8;   88.54;    6.6;    5.3;    4.6;eor
       3126;20190108;   10;  16.6;   5.7;    3;   6.5;   8;    0.133;   0;   7.5;   7.6;  994.08;    5.5;   83.54;    7.5;    2.1;    0.7;eor
       3126;20190109;   10;  14.0;   4.6;    3;   2.7;   8;    0.000;   0;   7.5;   6.1;  999.95;    1.5;   90.00;    2.2;    0.6;   -0.1;eor
       3126;20190110;   10;   9.1;   2.7;    3;   0.3;   8;    0.650;   0;   7.6;   5.2; 1013.00;    0.7;   80.79;    1.7;   -0.5;   -2.3;eor
       3126;20190111;   10;  11.6;   3.3;    3;   0.2;   8;    0.000;   0;   7.7;   7.0; 1007.80;    3.3;   89.67;    6.6;    0.2;   -0.3;eor
       3126;20190112;   10;  12.3;   4.2;    3;   1.0;   6;    0.000;   0;   7.8;   7.7; 1001.60;    5.8;   83.29;    6.5;    5.1;    4.0;eor
       3126;20190113;   10;  16.8;   5.5;    3;   5.5;   6;    0.000;   0;   7.3;   8.6;  987.75;    7.0;   84.96;    8.7;    5.7;    4.2;eor
       3126;20190114;   10;  16.3;   5.1;    3;   0.2;   8;    0.850;   0;   4.8;   5.3;  994.48;    2.8;   71.21;    6.0;    0.7;   -0.6;eor
       3126;20190115;   10;  14.5;   6.1;    3;   0.0;   6;    0.000;   0;   7.6;   6.8; 1001.51;    4.4;   80.63;    6.9;    2.0;    0.5;eor
       3126;20190116;   10;  12.2;   4.2;    3;   0.0;   6;    0.000;   0;   8.0;   7.4;  997.08;    6.2;   77.13;    7.7;    3.3;    0.7;eor
       3126;20190117;   10;  13.2;   4.1;    3;   6.8;   8;    1.917;   0;   7.2;   6.4;  990.39;    4.3;   77.58;    7.5;    0.8;   -0.1;eor
       3126;20190118;   10;  10.1;   2.9;    3;   0.0;   0;    7.300;   0;   4.4;   4.9; 1006.24;    0.7;   76.58;    3.1;   -2.0;   -4.3;eor
       3126;20190119;   10;   4.2;   1.3;    3;   0.0;   0;    5.050;   0;   7.1;   4.9; 1009.22;   -0.5;   83.88;    2.6;   -3.8;   -6.5;eor
       3126;20190120;   10;   4.4;   1.1;    3;   0.0;   0;    7.333;   0;   0.7;   3.8; 1009.11;   -3.9;   84.50;    0.7;   -7.5;   -9.3;eor
       3126;20190121;   10;   4.3;   1.3;    3;   0.0;   8;    6.267;   0;   5.4;   4.0; 1011.16;   -4.4;   90.46;   -1.2;   -7.4;   -7.5;eor
       3126;20190122;   10;   7.4;   2.3;    3;   0.0;   0;    7.283;   1;   5.8;   3.8; 1000.53;   -3.2;   79.21;    0.7;   -6.9;   -8.8;eor
       3126;20190123;   10;   8.5;   2.8;    3;   0.0;   7;    0.883;   1;   6.6;   3.3;  993.87;   -5.6;   80.88;   -2.8;   -7.4;   -9.0;eor
       3126;20190124;   10;   6.6;   2.0;    3;   0.0;   7;    0.000;   0;   7.9;   3.5; 1001.36;   -3.3;   72.42;   -2.1;   -4.8;   -5.1;eor
       3126;20190125;   10;   6.4;   1.9;    3;   0.9;   8;    0.017;   1;   7.7;   3.8; 1003.56;   -3.2;   78.08;   -0.7;   -4.2;   -4.9;eor
       3126;20190126;   10;   9.3;   2.9;    3;  10.2;   6;    0.000;   1;   7.8;   7.1;  992.05;    3.0;   92.54;    5.4;   -0.7;   -1.3;eor
       3126;20190127;   10;   9.6;   3.8;    3;   1.7;   6;    0.483;   1;   7.8;   7.2;  978.90;    4.8;   83.63;    7.0;    3.4;    1.7;eor
       3126;20190128;   10;  11.1;   3.0;    3;   0.9;   8;    0.900;   0;   7.3;   6.3;  981.12;    2.8;   84.88;    4.8;    0.4;   -1.4;eor
       3126;20190129;   10;  11.7;   3.0;    3;   0.0;   0;    1.750;   0;   7.2;   5.6;  993.09;    1.3;   83.25;    3.8;   -1.5;   -4.2;eor
       3126;20190130;   10;  10.9;   3.1;    3;   0.0;   0;    4.900;   0;   8.0;   4.7;  987.93;    0.2;   76.67;    2.2;   -2.5;   -4.1;eor
       3126;20190131;   10;   6.7;   2.5;    3;   0.0;   0;    7.950;   0;   4.0;   4.8;  988.70;    1.3;   72.33;    4.5;   -2.3;   -5.2;eor
       3126;20190201;   10;   7.0;   2.2;    3;   1.8;   8;    0.400;   0;   7.0;   5.1;  984.57;    0.0;   82.63;    3.1;   -2.9;   -5.3;eor
       3126;20190202;   10;   5.7;   1.7;    3;   0.7;   8;    0.000;   1;   7.8;   6.0;  987.87;    0.6;   93.75;    1.0;    0.1;   -0.8;eor
       3126;20190203;   10;   8.1;   2.2;    3;   0.0;   6;    0.000;   1;   6.9;   5.6; 1004.80;    0.7;   86.75;    1.9;   -0.9;   -4.8;eor
       3126;20190204;   10;   8.1;   3.3;    3;   0.0;   0;    5.650;   0;   5.7;   5.2; 1016.10;    1.8;   74.96;    5.2;   -1.1;   -5.2;eor
       3126;20190205;   10;   9.5;   2.8;    3;   0.0;   0;    0.000;   0;   8.0;   5.8; 1015.99;    3.1;   75.67;    3.9;    2.1;   -0.2;eor
       3126;20190206;   10;   6.7;   2.4;    3;   0.0;   0;    2.683;   0;   8.0;   5.8; 1013.33;    2.4;   80.25;    6.0;   -0.7;   -3.3;eor
       3126;20190207;   10;   8.7;   3.2;    3;   0.1;   6;    0.067;   0;   7.9;   5.8; 1001.76;    3.2;   74.50;    6.9;    0.1;   -1.9;eor
       3126;20190208;   10;  15.0;   4.4;    3;   0.2;   6;    3.567;   0;   6.1;   6.9; 1002.07;    5.6;   75.92;    8.5;    1.8;   -0.9;eor
       3126;20190209;   10;  18.6;   5.3;    3;   0.1;   6;    2.783;   0;   6.5;   7.0;  994.42;    7.8;   66.46;   10.8;    5.3;    2.6;eor
       3126;20190210;   10;  17.9;   4.7;    3;   5.1;   6;    0.000;   0;   7.1;   7.9;  986.63;    7.0;   78.63;    9.6;    3.9;    1.9;eor
       3126;20190211;   10;  14.6;   5.1;    3;   0.2;   8;    2.183;   0;   5.6;   6.5;  999.50;    4.7;   75.38;    8.7;    2.6;    0.6;eor
       3126;20190212;   10;  12.8;   3.6;    3;   0.1;   6;    1.867;   0;   7.7;   6.2; 1018.52;    4.1;   75.58;    7.0;    1.9;    0.4;eor
       3126;20190213;   10;  11.9;   4.7;    3;   0.0;   0;    0.000;   0;   7.9;   7.9; 1022.81;    6.6;   80.71;    8.2;    4.3;    2.8;eor
       3126;20190214;   10;   9.3;   2.2;    3;   0.0;   0;    8.600;   0;   2.7;   6.7; 1025.05;    6.7;   69.88;   12.6;    1.2;   -2.8;eor
       3126;20190215;   10;   4.5;   1.6;    3;   0.0;   0;    9.000;   0;   0.3;   6.3; 1022.70;    5.8;   70.33;   14.7;   -1.1;   -3.8;eor
       3126;20190216;   10;   4.5;   1.7;    3;   0.0;   0;    9.067;   0;   2.5;   6.5; 1015.75;    6.9;   68.46;   17.0;   -1.1;   -3.9;eor
       3126;20190217;   10;   5.7;   1.7;    3;   0.0;   0;    8.050;   0;   8.0;   6.9; 1013.14;    6.0;   75.00;   15.3;   -0.4;   -2.9;eor
       3126;20190218;   10;   5.8;   1.7;    3;   0.0;   0;    9.150;   0;   3.1;   6.7; 1008.34;    6.6;   70.92;   15.6;   -0.5;   -3.4;eor
       3126;20190219;   10;  14.5;   4.3;    3;   0.7;   6;    1.500;   0;   7.3;   7.1; 1005.88;    7.7;   67.42;   10.9;    4.1;    0.5;eor
       3126;20190220;   10;  10.0;   3.4;    3;   0.0;   6;    1.433;   0;   8.0;   7.3; 1011.51;    7.6;   70.13;   11.2;    5.6;    4.1;eor
       3126;20190221;   10;  11.8;   3.6;    3;   0.3;   6;    1.500;   0;   7.9;   8.6; 1014.12;    8.9;   75.25;   12.3;    6.2;    4.4;eor
       3126;20190222;   10;   9.0;   2.7;    3;   0.0;   6;    2.217;   0;   6.6;   7.1; 1026.07;    5.1;   78.21;    9.4;   -0.7;   -3.9;eor
       3126;20190223;   10;   6.6;   2.1;    3;   0.0;   0;    7.600;   0;   7.5;   4.2; 1031.98;    0.9;   65.75;    6.5;   -3.1;   -4.9;eor
       3126;20190224;   10;   3.8;   1.2;    3;   0.0;   0;    9.600;   0;   3.1;   4.6; 1028.50;    3.8;   61.83;   13.2;   -3.1;   -4.6;eor
       3126;20190225;   10;   7.4;   2.3;    3;   0.0;   0;    9.467;   0;   5.9;   5.3; 1026.94;    6.6;   57.33;   15.5;   -0.6;   -3.5;eor
       3126;20190226;   10;   9.2;   2.5;    3;   0.0;   0;    9.417;   0;   5.7;   5.5; 1023.28;    7.2;   56.75;   15.5;    0.8;   -3.2;eor
       3126;20190227;   10;   7.1;   2.2;    3;   0.0;   0;    9.783;   0;   1.0;   5.3; 1015.23;    8.4;   53.71;   18.6;   -0.6;   -3.7;eor
       3126;20190228;   10;  14.0;   4.0;    3;   0.0;   6;    5.533;   0;   4.7;   7.4; 1002.60;    9.0;   64.46;   13.5;    4.4;   -2.5;eor
       3126;20190301;   10;   8.4;   2.6;    3;   1.0;   6;    0.000;   0;   7.8;   8.2; 1002.21;    6.4;   84.04;    9.5;    4.1;    3.1;eor
       3126;20190302;   10;   9.3;   3.2;    3;   0.0;   6;    0.000;   0;   8.0;   6.4; 1004.53;    5.4;   71.50;    7.3;    4.0;    3.0;eor
       3126;20190303;   10;  11.7;   4.7;    3;   1.0;   6;    0.000;   0;   7.9;   9.4;  995.78;   10.4;   74.67;   12.2;    7.3;    6.2;eor
       3126;20190304;   10;  23.4;   6.5;    3;   3.8;   6;    2.917;   0;   7.0;   7.9;  983.39;   10.1;   64.08;   15.3;    6.3;    4.3;eor
       3126;20190305;   10;  14.8;   4.7;    3;   0.5;   6;    5.883;   0;   4.5;   6.7;  993.38;    6.1;   71.08;    9.1;    2.9;   -0.2;eor
       3126;20190306;   10;  11.6;   3.9;    3;   3.3;   6;    5.833;   0;   7.8;   7.6;  996.02;    7.7;   72.08;   13.0;    1.7;   -1.5;eor
       3126;20190307;   10;  18.5;   5.2;    3;   0.0;   6;    4.400;   0;   5.2;   8.1;  986.39;   10.5;   64.75;   16.2;    7.8;    4.7;eor
       3126;20190308;   10;-999;-999;    3;   1.5;   4;    2.683;   0;   5.6;   6.9;  996.68;    7.8;   65.00;    9.7;    4.6;    2.0;eor
       3126;20190309;   10;  22.0;   5.9;    3;   4.5;   6;    3.800;   0;   6.5;   7.4;  996.26;    8.2;   68.67;   13.8;    4.8;    2.9;eor
       3126;20190310;   10;  13.2;   3.3;    3;  12.7;   8;    0.000;   0;   7.6;   7.2;  993.72;    4.7;   83.92;    7.1;    0.7;   -0.1;eor
       3126;20190311;   10;  15.9;   5.9;    3;   1.7;   8;    1.683;   0;   7.4;   6.4; 1001.68;    3.5;   81.58;    6.4;    1.9;    0.2;eor
       3126;20190312;   10;-999;-999;    3;   0.0;   6;    4.617;   0;   7.4;   6.3; 1004.28;    6.1;   67.92;    9.3;    1.3;   -1.0;eor
       3126;20190313;   10;-999;-999;    3;   1.2;   6;    2.317;   0;   6.9;   6.5;  991.51;    7.1;   65.04;    9.9;    4.4;    2.2;eor
       3126;20190314;   10;  14.8;   5.6;    3;   8.7;   6;    0.000;   0;   7.7;   7.7;  988.29;    6.3;   80.42;    7.7;    5.0;    3.3;eor
       3126;20190315;   10;  17.5;   5.9;    3;   0.1;   6;    0.150;   0;   6.1;   7.8;  989.80;    8.2;   71.17;   12.2;    6.1;    4.5;eor
       3126;20190316;   10;  13.3;   4.3;    3;   2.7;   6;    0.000;   0;   7.7;   8.0;  994.93;    7.8;   75.38;   11.3;    5.1;    4.3;eor
       3126;20190317;   10;  13.5;   4.8;    3;   1.8;   6;    1.950;   0;   5.7;   7.7;  991.22;    8.0;   71.38;   11.4;    4.0;    1.6;eor
       3126;20190318;   10;  15.5;   5.3;    3;   1.0;   6;    5.183;   0;   3.4;   6.3; 1002.74;    5.1;   71.58;    9.3;    2.6;    0.3;eor
       3126;20190319;   10;   9.0;   2.8;    3;   0.1;   6;    3.883;   0;   5.1;   6.3; 1015.89;    4.9;   73.88;   10.0;    0.6;   -3.0;eor
       3126;20190320;   10;   7.3;   2.4;    3;   0.0;   0;    8.583;   0;   5.0;   7.0; 1022.47;    7.7;   66.79;   13.7;    0.3;   -3.4;eor
       3126;20190321;   10;   7.2;   1.7;    3;   0.0;   0;    5.950;   0;   5.9;   9.7; 1023.50;   11.0;   74.58;   16.5;    6.1;    2.7;eor
       3126;20190322;   10;   6.4;   1.6;    3;   0.0;   0;    9.117;   0;   2.9;  10.2; 1021.02;   10.4;   81.25;   17.7;    2.8;    0.5;eor
       3126;20190323;   10;   9.1;   2.1;    3;   0.0;   0;    8.900;   0;   4.6;   9.6; 1017.38;    9.7;   80.00;   15.4;    3.9;    1.2;eor
       3126;20190324;   10;   7.5;   1.9;    3;   1.3;   6;    7.233;   0;   5.0;   6.5; 1015.10;    6.7;   67.88;   11.9;    2.0;   -0.8;eor
       3126;20190325;   10;  12.1;   3.4;    3;   0.2;   6;    3.917;   0;   6.3;   6.7; 1007.05;    5.5;   73.71;    8.9;    3.4;    0.5;eor
       3126;20190326;   10;  12.4;   3.5;    3;   2.2;   6;    1.317;   0;   6.7;   7.4; 1015.73;    5.5;   81.38;    8.4;    1.6;   -1.7;eor
       3126;20190327;   10;   9.3;   2.9;    3;   2.6;   6;    1.867;   0;   7.8;   8.3; 1020.22;    8.4;   76.21;   12.2;    5.1;    3.7;eor
       3126;20190328;   10;   8.2;   2.2;    3;   0.1;   6;    0.500;   0;   7.7;  10.3; 1023.12;    9.7;   85.67;   12.3;    7.8;    6.9;eor
       3126;20190329;   10;   6.8;   1.8;    3;   0.0;   0;    4.617;   0;   5.9;   9.8; 1021.20;   10.5;   78.04;   15.2;    5.3;    1.0;eor
       3126;20190330;   10;   7.6;   2.0;    3;   0.0;   0;   11.467;   0;   6.7;   8.4; 1012.04;   11.6;   65.54;   19.7;    1.9;   -1.1;eor
       3126;20190331;   10;   7.6;   2.3;    3;   0.0;   0;    2.500;   0;   4.8;   6.9; 1013.36;    8.1;   64.00;   12.5;    3.3;   -1.1;eor
       3126;20190401;    3;   9.7;   2.7;    3;   0.0;   0;   12.000;   0;   0.2;   4.3; 1014.77;    6.5;   46.88;   12.7;    0.3;   -3.9;eor
       3126;20190402;    3;   8.9;   3.0;    3;   0.5;   6;    7.400;   0;   4.5;   6.2; 1001.20;    9.6;   51.00;   15.7;    2.0;   -1.3;eor
       3126;20190403;    3;   8.7;   1.8;    3;   0.6;   6;    2.100;   0;   7.6;  10.6;  992.86;   12.5;   73.29;   16.2;    9.4;    6.1;eor
       3126;20190404;    3;   7.8;   1.9;    3;   0.0;   0;    2.883;   0;   6.4;   9.3;  989.29;    8.4;   84.67;   13.6;    4.0;    1.1;eor
       3126;20190405;    3;   6.9;   1.6;    3;   0.0;   6;    0.000;   0;   7.9;   9.5;  995.32;    8.2;   87.21;   10.5;    4.4;    1.1;eor
       3126;20190406;    3;   7.6;   1.7;    3;   0.0;   0;    8.583;   0;   3.6;   8.8;  996.86;   12.1;   66.96;   21.9;    2.6;   -0.1;eor
       3126;20190407;    3;   8.2;   2.1;    3;   0.0;   0;   11.650;   0;   1.2;   8.0;  997.56;   13.0;   56.21;   20.6;    4.9;    1.0;eor
       3126;20190408;    3;   8.3;   2.5;    3;   0.0;   0;   11.017;   0;   1.5;   7.4; 1000.22;   12.5;   54.21;   20.2;    4.0;    0.8;eor
       3126;20190409;    3;   9.5;   3.2;    3;   0.0;   0;   10.533;   0;   2.2;   6.1; 1004.36;    8.1;   58.54;   13.4;    3.0;   -0.6;eor
       3126;20190410;    3;   8.0;   2.5;    3;   0.0;   0;    7.183;   0;   5.3;   5.2; 1007.40;    6.1;   57.38;   11.2;    0.2;   -3.5;eor
       3126;20190411;    3;   8.6;   2.9;    3;   0.0;   8;    0.333;   0;   7.8;   4.7; 1013.91;    5.1;   54.50;    7.6;    3.3;    1.2;eor
       3126;20190412;    3;   7.7;   2.6;    3;   0.7;   8;    0.000;   0;   7.8;   5.3; 1015.58;    3.4;   68.08;    5.3;    2.2;    1.4;eor
       3126;20190413;    3;  10.2;   2.8;    3;   0.0;   8;    0.517;   0;   7.8;   5.5; 1013.83;    4.3;   67.67;    7.4;    1.5;   -0.8;eor
       3126;20190414;    3;   7.3;   2.6;    3;   1.6;   6;    0.000;   0;   7.3;   6.8; 1015.08;    4.0;   82.71;    6.8;    0.3;   -2.1;eor
       3126;20190415;    3;   7.2;   2.5;    3;   0.0;   0;   12.833;   0;   1.0;   5.7; 1016.50;    8.5;   53.46;   14.8;    0.8;   -2.3;eor
       3126;20190416;    3;   8.6;   2.6;    3;   0.0;   0;   12.917;   0;   0.0;   5.3; 1012.23;    9.6;   48.29;   16.8;    0.7;   -2.8;eor
       3126;20190417;    3;   9.3;   2.5;    3;   0.0;   0;   12.900;   0;   0.1;   5.9; 1015.95;   12.2;   42.00;   18.8;    4.6;   -0.5;eor
       3126;20190418;    3;  10.0;   2.4;    3;   0.0;   0;   12.950;   0;   0.1;   6.6; 1019.08;   13.7;   46.79;   21.9;    3.2;   -0.7;eor
       3126;20190419;    3;   7.4;   2.2;    3;   0.0;   0;   13.083;   0;   0.0;   6.8; 1021.41;   15.1;   44.50;   23.4;    4.5;    0.7;eor
       3126;20190420;    3;   6.5;   2.0;    3;   0.0;   0;   13.200;   0;   2.1;   6.0; 1019.86;   13.2;   42.63;   22.3;    4.2;   -0.1;eor
       3126;20190421;    3;   7.0;   1.7;    3;   0.0;   0;   13.300;   0;   1.7;   6.4; 1012.52;   14.3;   44.50;   22.9;    3.3;   -0.6;eor
       3126;20190422;    3;  12.5;   3.2;    3;   0.0;   0;   13.350;   0;   0.1;   6.5; 1005.45;   13.8;   44.63;   20.7;    4.5;    0.6;eor
       3126;20190423;    3;  14.2;   4.9;    3;   0.0;   6;    8.917;   0;   2.0;   8.5;  996.88;   14.8;   50.92;   20.6;   10.0;    8.0;eor
       3126;20190424;    3;   9.5;   3.7;    3;   1.5;   6;   10.450;   0;   5.6;  11.3;  994.65;   17.7;   57.38;   24.6;   11.6;   10.5;eor
       3126;20190425;    3;   7.5;   2.3;    3;   0.0;   0;   12.033;   0;   4.8;   9.6;  999.96;   17.8;   51.54;   25.1;    8.5;    4.4;eor
       3126;20190426;    3;  11.3;   3.5;    3;   5.3;   6;    8.117;   0;   7.3;  10.6;  999.96;   14.3;   65.83;   20.0;    9.8;    7.1;eor
       3126;20190427;    3;  12.0;   2.6;    3;   9.8;   6;    4.383;   0;   7.3;  10.4; 1002.47;   12.4;   74.17;   19.6;    8.2;    7.4;eor
       3126;20190428;    3;   6.4;   2.1;    3;   1.0;   6;    5.267;   0;   7.2;   9.3; 1007.89;   10.1;   76.50;   15.3;    7.7;    6.2;eor
       3126;20190429;    3;   9.9;   2.3;    3;   1.7;   6;    0.283;   0;   6.5;  10.3; 1009.60;    9.6;   84.92;   13.1;    5.2;    1.4;eor
       3126;20190430;    3;   9.5;   2.6;    3;   0.1;   6;   13.267;   0;   2.1;   7.7; 1008.61;   12.0;   56.71;   19.7;    1.7;   -1.7;eor
       3126;20190501;    3;   9.7;   2.4;    3;   0.0;   0;    9.867;-999;   5.4;  10.2; 1003.67;   13.4;   68.13;   19.8;    8.0;    4.7;eor
       3126;20190502;    3;  12.0;   3.7;    3;   1.1;   6;    2.267;-999;   7.5;   9.6;  997.63;   10.3;   76.29;   15.9;    7.3;    4.7;eor
       3126;20190503;    3;  10.8;   3.0;    3;   0.1;   6;    6.800;-999;   7.0;   6.7;  998.79;    8.7;   59.92;   12.1;    5.7;    4.1;eor
       3126;20190504;    3;   9.6;   2.5;    3;   0.0;   6;    3.817;-999;   6.2;   6.4;  997.83;    6.2;   67.75;   11.1;    1.8;   -1.1;eor
       3126;20190505;    3;   8.2;   1.9;    3;   0.1;   6;    8.233;-999;   4.4;   5.6; 1006.50;    7.2;   57.79;   12.7;    1.0;   -1.3;eor
       3126;20190506;    3;  10.1;   3.0;    3;   0.6;   6;    5.267;-999;   5.6;   6.6; 1008.08;    7.4;   65.04;   13.0;    1.3;   -2.3;eor
       3126;20190507;    3;   7.4;   1.9;    3;   0.0;   0;    9.467;-999;   5.0;   6.8; 1007.34;    8.9;   62.29;   13.6;    5.1;    0.6;eor
       3126;20190508;    3;  13.2;   2.6;    3;   3.9;   6;    4.867;-999;   6.8;   9.1;  995.84;   10.5;   72.75;   17.1;    2.6;   -1.1;eor
       3126;20190509;    3;   7.7;   2.3;    3;   0.0;   6;    4.283;-999;   6.5;  10.4;  989.55;   13.7;   68.50;   19.0;   10.5;    9.1;eor
       3126;20190510;    3;  12.8;   2.8;    3;   0.0;   6;    3.033;-999;   7.5;  10.4;  997.87;   13.1;   69.75;   16.7;    8.0;    4.9;eor
       3126;20190511;    3;  10.1;   2.4;    3;   8.6;   6;    0.000;-999;   7.6;  10.0; 1004.22;    9.1;   86.54;   10.4;    7.3;    4.7;eor
       3126;20190512;    3;  10.2;   2.9;    3;   0.0;   0;   13.783;-999;   3.6;   6.7; 1018.90;   10.5;   56.08;   16.4;    4.9;    3.4;eor
       3126;20190513;    3;   9.7;   2.5;    3;   0.0;   0;   13.033;-999;   2.6;   6.0; 1025.43;   10.5;   51.21;   17.2;    3.2;    0.9;eor
       3126;20190514;    3;  10.2;   3.2;    3;   0.0;   0;   10.900;-999;   3.1;   6.0; 1022.07;    9.9;   50.92;   14.9;    3.6;    0.0;eor
       3126;20190515;    3;  10.0;   3.1;    3;   1.3;   6;    2.750;-999;   5.5;   5.4; 1015.85;    9.5;   47.58;   15.0;    0.4;   -2.8;eor
       3126;20190516;    3;   7.5;   2.2;    3;   7.6;   6;    0.000;-999;   7.8;   9.8; 1006.49;    8.7;   86.71;   10.0;    6.4;    5.9;eor
       3126;20190517;    3;   6.7;   1.8;    3;   0.0;   0;    2.383;-999;   6.5;  11.0; 1000.69;   12.5;   77.92;   18.6;    7.4;    6.3;eor
       3126;20190518;    3;   8.9;   1.8;    3;   0.0;   0;   14.133;-999;   1.3;  11.4;  997.30;   15.2;   69.13;   21.5;    7.1;    4.1;eor
       3126;20190519;    3;   8.6;   2.1;    3;   0.0;   0;   12.533;-999;   4.2;  11.9;  994.86;   18.8;   59.17;   26.2;    9.4;    7.0;eor
       3126;20190520;    3;  11.6;   2.6;    3;   8.3;   6;    6.950;-999;   7.8;  15.6;  992.52;   17.8;   78.13;   25.2;   12.6;   10.3;eor
       3126;20190521;    3;   9.0;   2.3;    3;   0.9;   6;    2.867;-999;   7.0;  15.8;  996.19;   16.5;   85.00;   22.6;   13.2;   11.1;eor
       3126;20190522;    3;  12.0;   2.9;    3;   0.0;   6;    2.817;-999;   6.2;  11.7; 1005.14;   12.4;   80.83;   16.3;    7.2;    4.0;eor
       3126;20190523;    3;   7.7;   1.5;    3;   0.0;   0;   13.000;-999;   6.8;   9.3; 1008.31;   14.2;   61.33;   20.7;    6.9;    3.6;eor
       3126;20190524;    3;   7.8;   2.0;    3;   0.0;   0;   12.967;-999;   7.9;  11.0; 1003.88;   17.2;   58.63;   23.6;    8.0;    5.4;eor
       3126;20190525;    3;   8.5;   2.0;    3;   0.0;   0;    2.917;-999;   6.6;  10.3; 1005.81;   12.9;   70.25;   17.0;    8.8;    5.2;eor
       3126;20190526;    3;  10.8;   3.5;    3;   0.0;   0;    9.017;-999;   7.8;  10.8; 1002.35;   16.9;   58.33;   22.5;    8.2;    5.2;eor
       3126;20190527;    3;   8.2;   2.6;    3;   0.7;   6;    0.583;-999;   7.9;  13.8;  997.56;   17.5;   68.79;   20.4;   12.8;   10.1;eor
       3126;20190528;    3;   8.4;   2.0;    3;   0.0;   6;    3.517;-999;   7.9;  10.4;  997.90;   15.0;   62.08;   19.0;   10.7;    8.5;eor
       3126;20190529;    3;   7.7;   2.1;    3;   0.0;   0;   10.300;-999;   4.2;   7.8; 1010.96;   12.8;   54.04;   17.7;    7.4;    3.1;eor
       3126;20190530;    3;   9.8;   2.7;    3;   0.0;   6;    8.033;-999;   6.3;  10.5; 1013.27;   15.6;   60.71;   22.5;    5.3;    1.5;eor
       3126;20190531;    3;   7.0;   2.3;    3;   0.5;   6;    7.067;-999;   7.0;  15.7; 1013.12;   18.4;   74.58;   24.2;   13.5;   10.4;eor
       3126;20190601;    3;   9.1;   2.1;    3;   0.0;   0;   12.000;-999;   6.3;  14.8; 1011.15;   20.6;   63.58;   27.1;   14.1;   10.0;eor
       3126;20190602;    3;   9.1;   2.3;    3;   0.0;   0;   15.050;-999;   4.2;  14.7; 1006.51;   23.6;   53.88;   31.4;   13.1;    9.9;eor
       3126;20190603;    3;  11.4;   2.5;    3;   1.0;   6;   11.233;-999;   3.7;  15.3; 1003.14;   23.4;   58.21;   33.4;   15.9;   12.0;eor
       3126;20190604;    1;   6.2;   1.6;    1;   0.0;   0;   14.233;-999;   3.8;  15.7; 1001.82;   22.7;   60.25;   30.2;   14.7;   12.3;eor
       3126;20190605;    1;   7.8;   2.0;    1;   0.0;   6;   11.250;-999;   3.7;  15.4;  997.44;   26.3;   48.08;   34.6;   18.3;   14.7;eor
       3126;20190606;    1;  11.2;   2.6;    1;   3.8;   6;    6.417;-999;   4.9;  15.3;  999.75;   19.3;   68.29;   25.6;   14.1;   12.9;eor
       3126;20190607;    1;  12.5;   2.3;    1;   9.3;   8;   10.767;-999;   4.2;  13.5; 1003.61;   19.5;   61.50;   25.9;   12.8;   10.8;eor
       3126;20190608;    1;  14.6;   4.2;    1;   0.0;   0;    9.583;-999;   4.1;  10.8; 1009.31;   17.0;   58.04;   21.0;   12.4;    8.2;eor
       3126;20190609;    1;   6.9;   2.0;    1;   0.3;   6;   12.700;-999;   6.4;   9.9; 1012.72;   19.0;   47.50;   25.1;   10.8;    7.0;eor
       3126;20190610;    1;   5.7;   1.6;    1;   0.1;   6;    4.517;-999;   7.7;  14.8; 1002.81;   22.2;   56.29;   28.6;   17.2;   15.8;eor
       3126;20190611;    1;  13.2;   2.3;    1;  28.1;   8;    8.783;-999;   5.6;  17.1; 1000.03;   21.2;   69.08;   25.6;   15.9;   13.3;eor
       3126;20190612;    1;  14.1;   2.4;    1;   0.2;   6;    3.017;-999;   7.1;  18.3;  999.15;   19.1;   82.83;   25.9;   14.8;   12.3;eor
       3126;20190613;    1;  14.6;   2.3;    1;   3.8;   6;   11.400;-999;   4.7;  14.0; 1004.34;   19.8;   64.25;   26.0;   14.3;   11.9;eor
       3126;20190614;    1;   9.9;   2.2;    1;   0.0;   6;    9.950;-999;   3.8;  14.0; 1006.41;   22.5;   56.50;   29.4;   11.8;    9.8;eor
       3126;20190615;    1;  12.0;   3.0;    1;   0.0;   6;    9.933;-999;   5.3;  18.3; 1001.25;   23.3;   64.00;   29.5;   15.6;   12.8;eor
       3126;20190616;    1;   4.4;   1.3;    1;   1.3;   6;    2.400;-999;   7.4;  15.1; 1010.10;   17.6;   75.75;   20.8;   13.1;   10.9;eor
       3126;20190617;    1;   5.3;   1.2;    1;   0.0;   0;   13.967;-999;   2.2;  14.8; 1011.01;   21.1;   62.92;   27.6;   13.1;   11.0;eor
       3126;20190618;    1;   8.4;   1.9;    1;   0.0;   0;   14.183;-999;   4.5;  14.3; 1005.75;   23.8;   51.54;   30.2;   15.9;   12.2;eor
       3126;20190619;    1;  15.5;   2.2;    1;   5.8;   6;   11.567;-999;   6.0;  15.6;  999.20;   24.5;   54.54;   32.5;   17.5;   14.1;eor
       3126;20190620;    1;  12.0;   2.3;    1;  16.5;   8;    5.783;-999;   6.8;  17.3; 1001.01;   20.5;   73.58;   25.9;   15.4;   14.0;eor
       3126;20190621;    1;   6.5;   1.6;    1;   0.0;   6;    9.950;-999;   4.1;  14.9; 1007.73;   19.1;   69.58;   23.8;   13.9;   11.6;eor
       3126;20190622;    1;   8.8;   3.0;    1;   0.0;   0;   10.150;-999;   4.2;  13.0; 1011.39;   20.3;   57.04;   26.4;   12.7;   11.1;eor
       3126;20190623;    1;   9.8;   2.8;    1;   0.0;   0;   15.300;-999;   0.8;  11.7; 1011.68;   22.6;   45.50;   28.7;   15.1;   12.7;eor
       3126;20190624;    1;   8.1;   2.2;    1;   0.0;   0;   15.067;-999;   5.1;  12.3; 1012.92;   23.8;   44.92;   30.4;   15.7;   12.4;eor
       3126;20190625;    1;   8.8;   2.1;    1;   0.0;   0;   14.733;-999;   4.9;  15.3; 1010.72;   26.0;   47.71;   34.1;   15.4;   12.3;eor
       3126;20190626;    1;  10.8;   2.6;    1;   0.0;   0;   14.883;-999;   0.9;  19.7; 1010.65;   27.8;   54.17;   34.4;   18.4;   16.6;eor
       3126;20190627;    1;  10.6;   2.6;    1;   0.0;   0;   13.850;-999;   1.6;  12.5; 1014.95;   18.8;   59.33;   25.0;   13.6;   11.4;eor
       3126;20190628;    1;   5.8;   1.6;    1;   0.0;   0;    9.950;-999;   4.9;  11.5; 1014.69;   18.0;   57.33;   24.4;   13.9;   10.2;eor
       3126;20190629;    1;   4.8;   1.2;    1;   0.0;   0;   15.467;-999;   0.3;  11.2; 1010.42;   22.9;   45.33;   31.9;   11.6;    8.3;eor
       3126;20190630;    1;  11.2;   2.8;    1;   0.0;   0;   14.733;-999;   1.8;  14.2; 1003.05;   27.9;   40.96;   37.5;   16.1;   12.0;eor
       3126;20190701;    1;  11.2;   2.7;    1;   0.6;   6;    8.483;-999;   4.7;  13.2; 1005.22;   21.9;   51.79;   27.3;   14.5;   10.2;eor
       3126;20190702;    1;  11.4;   3.0;    1;   0.0;   0;   11.867;-999;   2.0;  10.2; 1010.10;   17.6;   52.46;   22.3;   11.2;    8.5;eor
       3126;20190703;    1;   7.6;   2.0;    1;   0.0;   0;    8.450;-999;   2.9;   9.4; 1013.13;   15.2;   56.54;   20.5;    8.4;    4.7;eor
