STATIONS_ID;MESS_DATUM;QN_3;  FX;  FM;QN_4; RSK;RSKF; SDK;SHK_TAG;  NM; VPM;  PM; TMK; UPM; TXK; TNK; TGK;eor
       3379;20171231;   10;  21.0;   6.2;    3;   0.7;   6;    6.600;   0;   5.8;   7.9;  950.52;   10.1;   64.71;   13.5;    3.5;    0.3;eor
       3379;20180101;   10;  18.8;   5.0;    3;   0.1;   6;    2.067;   0;   6.0;   6.1;  947.28;    6.2;   64.67;    8.4;    3.5;   -0.9;eor
       3379;20180102;   10;  19.3;   6.1;    3;   3.1;   8;    0.517;   0;   7.4;   6.0;  951.52;    4.4;   72.04;    7.2;    3.0;    0.7;eor
       3379;20180103;   10;  26.6;   6.4;    3;  16.8;   6;    0.200;   0;   7.6;   6.7;  942.60;    5.4;   75.17;   14.5;    2.9;    1.6;eor
       3379;20180104;   10;  21.6;   5.6;    3;  23.4;   6;    0.000;   0;   7.7;   8.3;  941.60;    6.8;   82.58;   11.8;    4.1;    3.2;eor
       3379;20180105;   10;  14.5;   3.9;    3;   2.5;   6;    3.433;   0;   7.6;   9.1;  942.76;    9.7;   76.33;   12.9;    6.9;    3.8;eor
       3379;20180106;   10;   6.9;   1.7;    3;   0.0;   0;    6.167;   0;   7.2;   8.7;  946.65;    7.0;   87.46;   11.4;    2.9;    0.6;eor
       3379;20180107;   10;   8.2;   2.6;    3;   0.0;   0;    0.000;   0;   7.8;   7.2;  955.28;    3.1;   93.50;    6.0;    0.5;   -0.8;eor
       3379;20180108;   10;   9.9;   4.0;    3;   0.0;   0;    0.017;   0;   7.9;   7.6;  958.38;    5.1;   86.25;    6.5;    3.4;    3.1;eor
       3379;20180109;   10;  11.1;   3.1;    3;   0.0;   0;    3.100;   0;   7.0;   6.8;  951.82;    6.9;   70.63;   15.2;    2.5;    0.4;eor
       3379;20180110;   10;   4.0;   1.5;    3;   0.0;   0;    6.600;   0;   7.0;   6.7;  951.20;    3.9;   84.04;    8.9;    0.9;   -1.8;eor
       3379;20180111;   10;   4.2;   1.3;    3;   0.0;   6;    0.000;   0;   8.0;   6.5;  953.67;    2.1;   91.33;    3.7;    0.0;   -1.1;eor
       3379;20180112;   10;   5.9;   2.3;    3;   0.0;   6;    2.033;   0;   7.4;   6.2;  961.37;    2.8;   83.29;    4.6;    1.5;    1.3;eor
       3379;20180113;   10;   8.4;   3.2;    3;   0.0;   8;    0.000;   0;   7.9;   5.9;  960.88;    2.1;   83.42;    3.1;    0.2;   -0.1;eor
       3379;20180114;   10;   6.9;   2.2;    3;   0.4;   8;    0.000;   0;   7.9;   5.3;  958.69;    0.2;   85.96;    0.9;   -1.0;   -3.1;eor
       3379;20180115;   10;   7.8;   2.0;    3;   0.5;   6;    4.100;   0;   6.5;   5.2;  954.19;    1.9;   75.04;    7.1;   -2.5;   -4.0;eor
       3379;20180116;   10;  23.2;   5.7;    3;   9.2;   8;    0.633;   0;   7.3;   6.7;  939.53;    5.3;   75.96;    8.5;    1.1;    0.2;eor
       3379;20180117;   10;  19.9;   6.4;    3;   5.3;   8;    1.750;   0;   7.3;   5.5;  942.80;    1.4;   81.63;    4.0;   -1.2;   -2.5;eor
       3379;20180118;   10;  25.6;   8.3;    3;  10.5;   8;    3.367;   2;   7.3;   6.4;  945.03;    4.8;   75.08;    9.0;    0.4;   -0.7;eor
       3379;20180119;   10;  16.3;   4.5;    3;   2.5;   8;    4.200;   0;   7.0;   5.9;  948.23;    3.3;   76.63;    5.4;    0.7;   -0.7;eor
       3379;20180120;   10;  12.5;   3.8;    3;  11.9;   8;    1.167;   0;   7.7;   5.7;  945.83;    1.7;   83.38;    4.1;    0.3;   -0.8;eor
       3379;20180121;   10;  14.4;   4.0;    3;   5.7;   8;    1.217;   0;   7.4;   5.5;  949.91;    0.5;   85.71;    1.8;   -1.9;   -4.8;eor
       3379;20180122;   10;  11.3;   3.0;    3;  12.7;   8;    0.000;   5;   7.8;   6.9;  950.28;    2.5;   92.21;    6.7;   -1.1;   -1.7;eor
       3379;20180123;   10;   8.3;   3.0;    3;   0.2;   6;    0.000;   0;   7.6;   6.9;  962.85;    4.5;   82.38;    6.3;    2.6;   -0.3;eor
       3379;20180124;   10;   6.1;   2.1;    3;   0.0;   6;    6.700;   0;   6.8;   6.6;  961.88;    7.0;   67.50;   14.3;    2.5;   -0.4;eor
       3379;20180125;   10;   5.0;   1.8;    3;   0.0;   0;    5.433;   0;   7.8;   6.3;  956.05;    7.7;   61.83;   14.4;    2.7;   -0.7;eor
       3379;20180126;   10;   4.4;   1.7;    3;   0.0;   0;    4.600;   0;   8.0;   6.5;  955.50;    4.9;   75.63;    8.4;    1.5;   -1.6;eor
       3379;20180127;   10;   4.7;   1.4;    3;   0.0;   0;    0.000;   0;   7.9;   7.7;  967.32;    5.2;   86.63;    6.4;    4.1;    3.5;eor
       3379;20180128;   10;  11.5;   4.1;    3;   0.0;   6;    0.033;   0;   7.0;   6.9;  971.69;    7.7;   65.83;   10.5;    5.6;    3.1;eor
       3379;20180129;   10;  14.5;   4.1;    3;   0.0;   6;    9.083;   0;   2.9;   7.8;  967.91;    8.1;   73.13;   13.0;    4.6;    1.1;eor
       3379;20180130;   10;  12.7;   3.2;    3;   0.0;   6;    1.717;   0;   7.1;   7.8;  966.05;    6.7;   78.83;    8.4;    4.9;    2.9;eor
       3379;20180131;   10;  12.2;   2.9;    3;   0.1;   6;    5.150;   0;   7.0;   6.6;  953.23;    8.4;   60.75;   11.6;    5.6;    3.7;eor
       3379;20180201;   10;  14.0;   3.4;    3;   9.2;   8;    0.000;   0;   7.6;   6.4;  943.13;    3.6;   81.88;    7.9;    0.6;   -0.2;eor
       3379;20180202;   10;   9.8;   3.2;    3;   0.0;   0;    3.800;   0;   7.8;   4.7;  945.75;    2.3;   65.63;    4.9;    0.8;   -0.6;eor
       3379;20180203;   10;  11.9;   2.6;    3;   0.7;   8;    0.167;   0;   8.0;   5.1;  944.95;    1.2;   76.38;    3.0;   -0.6;   -0.9;eor
       3379;20180204;   10;   4.5;   1.8;    3;   0.5;   8;    0.717;   0;   6.4;   5.3;  952.26;    0.0;   86.25;    2.5;   -2.0;   -4.7;eor
       3379;20180205;   10;  10.2;   3.6;    3;   0.0;   0;    1.633;   0;   6.6;   4.5;  957.76;   -1.2;   81.50;    0.6;   -2.8;   -4.0;eor
       3379;20180206;   10;   7.4;   3.0;    3;   0.0;   0;    5.350;   0;   7.4;   4.5;  950.35;   -0.8;   77.83;    2.3;   -2.5;   -4.6;eor
       3379;20180207;   10;   5.7;   1.9;    3;   2.9;   7;    0.000;   0;   7.7;   4.6;  948.83;   -2.3;   90.17;   -1.8;   -3.3;   -5.2;eor
       3379;20180208;   10;   4.0;   1.6;    3;   0.3;   7;    0.000;   5;   7.7;   4.8;  954.95;   -1.1;   85.96;    0.4;   -2.3;   -2.2;eor
       3379;20180209;   10;   4.9;   1.5;    3;   0.0;   0;    0.000;   3;   8.0;   4.9;  953.61;   -0.3;   82.33;    0.8;   -0.9;   -1.6;eor
       3379;20180210;   10;   5.6;   2.0;    3;   0.0;   7;    0.000;   1;   7.8;   4.8;  954.04;    0.8;   74.88;    2.4;   -0.5;   -3.0;eor
       3379;20180211;   10;   8.9;   2.9;    3;   5.6;   8;    2.000;   0;   7.0;   5.5;  947.69;    1.5;   79.71;    4.1;   -0.5;   -3.5;eor
       3379;20180212;   10;  11.5;   3.4;    3;   0.4;   7;    4.133;   0;   7.8;   5.0;  951.68;    1.0;   77.13;    3.3;   -1.4;   -2.7;eor
       3379;20180213;   10;   8.2;   2.5;    3;   0.0;   0;    5.417;   0;   3.3;   4.0;  953.01;   -1.3;   73.13;    2.3;   -3.7;   -6.3;eor
       3379;20180214;   10;   6.3;   1.9;    3;   0.0;   0;    7.850;   0;   0.3;   3.7;  954.45;   -2.4;   73.54;    2.3;   -6.4;   -9.0;eor
       3379;20180215;   10;   8.1;   2.4;    3;  12.9;   8;    0.083;   0;   6.8;   4.4;  956.45;   -1.1;   74.96;    2.6;   -5.5;   -7.0;eor
       3379;20180216;   10;   5.9;   1.8;    3;   4.1;   6;    0.000;   0;   7.9;   7.4;  961.91;    3.3;   94.88;    4.5;    1.6;   -0.3;eor
       3379;20180217;   10;   7.3;   2.5;    3;  15.4;   8;    0.000;   0;   7.6;   5.9;  957.39;    0.1;   95.67;    1.6;   -0.8;   -0.5;eor
       3379;20180218;   10;   5.6;   1.9;    3;   0.0;   8;    0.000;   9;   6.7;   5.2;  961.95;   -0.7;   90.04;    1.3;   -3.8;   -3.3;eor
       3379;20180219;   10;   5.4;   1.6;    3;   0.0;   8;    0.000;   6;   7.7;   4.4;  956.13;   -2.6;   87.17;   -1.4;   -4.0;   -3.5;eor
       3379;20180220;   10;   3.0;   1.3;    3;   0.3;   8;    0.000;   5;   7.6;   4.4;  952.61;   -2.3;   86.42;   -1.1;   -3.1;   -1.2;eor
       3379;20180221;   10;   5.8;   1.9;    3;   0.0;   8;    1.850;   7;   7.7;   4.5;  954.90;   -1.7;   83.33;    0.8;   -3.4;   -4.4;eor
       3379;20180222;   10;  13.4;   4.7;    3;   0.3;   8;    0.000;   4;   7.4;   3.9;  952.80;   -2.9;   79.42;   -1.9;   -4.1;   -4.6;eor
       3379;20180223;   10;  11.5;   4.7;    3;   0.0;   8;    0.000;   4;   7.8;   3.8;  952.63;   -2.8;   76.92;   -1.4;   -4.0;   -3.7;eor
       3379;20180224;   10;  13.8;   5.6;    3;   0.0;   8;    7.950;   4;   4.4;   3.1;  955.62;   -2.8;   62.38;    0.5;   -7.1;   -8.6;eor
       3379;20180225;   10;  12.6;   4.9;    3;   0.0;   0;   10.000;   4;   0.9;   2.0;  958.52;   -7.6;   59.00;   -4.4;  -10.0;  -12.7;eor
       3379;20180226;   10;  10.3;   3.5;    3;   0.0;   7;    3.867;   4;   4.8;   1.8;  956.52;  -10.4;   66.63;   -8.1;  -12.7;  -14.8;eor
       3379;20180227;   10;   6.7;   2.7;    3;   0.0;   7;    4.733;   4;   6.3;   1.8;  952.13;   -9.9;   64.33;   -7.6;  -11.6;  -14.0;eor
       3379;20180228;   10;  12.1;   4.2;    3;   0.0;   0;    9.500;   4;   3.8;   1.9;  952.69;  -10.0;   65.29;   -5.9;  -13.4;  -15.3;eor
       3379;20180301;   10;  11.6;   4.5;    3;   0.0;   7;    1.817;   4;   7.2;   2.2;  943.51;   -7.9;   64.58;   -3.9;  -11.3;  -12.4;eor
       3379;20180302;   10;   7.9;   3.1;    3;   0.2;   8;    3.283;   4;   7.1;   3.1;  935.53;   -5.6;   75.42;   -2.0;   -9.3;  -10.4;eor
       3379;20180303;   10;   6.4;   2.2;    3;   0.3;   8;    3.467;   4;   7.2;   4.9;  936.63;   -0.3;   82.75;    3.3;   -5.1;   -9.3;eor
       3379;20180304;   10;   7.8;   2.5;    3;   0.1;   6;   10.317;   2;   4.1;   6.2;  938.85;    4.0;   77.04;    9.6;   -1.0;   -3.7;eor
       3379;20180305;   10;   8.8;   2.8;    3;   0.0;   6;    6.017;   0;   8.0;   6.3;  935.63;    4.3;   76.46;    8.8;    0.1;   -1.2;eor
       3379;20180306;   10;   6.9;   2.0;    3;   0.1;   6;    0.000;   0;   7.7;   6.0;  930.99;    2.2;   83.13;    5.2;   -0.7;   -1.2;eor
       3379;20180307;   10;  12.9;   4.1;    3;   0.0;   0;    3.900;   0;   7.7;   6.4;  937.41;    5.9;   69.83;    9.4;    3.6;    1.7;eor
       3379;20180308;   10;  10.7;   3.6;    3;   0.0;   0;    6.483;   0;   6.2;   5.1;  945.65;    6.8;   53.71;   11.5;    3.3;    1.5;eor
       3379;20180309;   10;  12.0;   2.9;    3;   0.0;   6;    0.717;   0;   7.8;   5.7;  948.12;    9.6;   47.92;   13.0;    3.8;    2.2;eor
       3379;20180310;   10;   6.5;   2.0;    3;   1.5;   6;    0.083;   0;   7.8;   7.7;  946.16;   10.5;   61.42;   15.3;    6.4;    4.0;eor
       3379;20180311;   10;   7.3;   2.4;    3;   7.0;   6;    2.583;   0;   7.1;   8.1;  938.42;   10.8;   63.58;   17.0;    6.0;    2.2;eor
       3379;20180312;   10;  16.6;   4.5;    3;   1.4;   6;    4.333;   0;   7.0;   8.7;  937.19;    9.5;   74.21;   13.3;    7.2;    4.3;eor
       3379;20180313;   10;  17.4;   6.5;    3;   2.3;   6;    5.650;   0;   7.1;   6.7;  945.45;    8.0;   62.75;   11.6;    5.4;    4.3;eor
       3379;20180314;   10;  10.4;   2.9;    3;   1.5;   6;    4.067;   0;   5.0;   7.2;  949.67;    5.3;   81.79;    9.7;    2.4;    0.3;eor
       3379;20180315;   10;   9.2;   3.2;    3;   2.7;   6;    4.833;   0;   6.7;   7.0;  939.21;    6.0;   76.08;   11.9;    0.4;   -0.8;eor
       3379;20180316;   10;  12.9;   3.3;    3;   0.2;   6;    3.500;   0;   6.8;   7.9;  940.87;    7.8;   75.08;   12.1;    3.8;    1.3;eor
       3379;20180317;   10;  13.6;   3.5;    3;   5.2;   8;    0.500;   0;   7.9;   6.6;  936.60;    2.3;   90.54;    4.7;   -0.8;   -1.4;eor
       3379;20180318;   10;  10.8;   4.6;    3;   0.0;   8;    0.000;   3;   8.0;   4.0;  940.29;   -2.4;   77.25;   -0.7;   -3.7;   -3.8;eor
       3379;20180319;   10;   8.1;   2.8;    3;   1.4;   8;    0.000;   0;   7.5;   3.6;  945.90;   -3.7;   77.42;   -2.4;   -4.8;   -5.1;eor
       3379;20180320;   10;   6.8;   2.2;    3;   1.1;   8;    4.617;   2;   7.4;   3.4;  952.39;   -2.6;   68.63;    0.9;   -5.8;   -8.2;eor
       3379;20180321;   10;   6.6;   2.0;    3;   0.1;   8;    1.633;   1;   6.2;   4.1;  961.70;   -0.8;   72.88;    2.1;   -2.5;   -5.5;eor
       3379;20180322;   10;  12.6;   3.2;    3;   1.6;   8;    6.783;   0;   5.9;   3.9;  956.20;   -0.2;   65.96;    4.8;   -4.7;   -6.6;eor
       3379;20180323;   10;   6.7;   2.5;    3;   0.2;   8;    0.050;   0;   7.8;   6.0;  946.67;    2.7;   80.67;    5.6;    0.0;   -0.5;eor
       3379;20180324;   10;  11.0;   3.4;    3;   0.0;   0;   11.467;   0;   5.0;   5.5;  940.67;    4.5;   67.38;    9.8;   -0.1;   -2.4;eor
       3379;20180325;   10;   7.8;   1.6;    3;   0.0;   0;   11.400;   0;   4.4;   5.6;  944.50;    6.1;   62.63;   13.2;   -1.2;   -4.3;eor
       3379;20180326;   10;   6.5;   2.1;    3;   1.1;   8;    0.183;   0;   7.8;   6.5;  950.70;    5.7;   71.08;    8.7;    3.6;    1.2;eor
       3379;20180327;   10;   8.9;   2.5;    3;   3.0;   8;    4.633;   0;   7.1;   6.1;  952.38;    5.7;   68.17;   10.1;    2.2;    1.0;eor
       3379;20180328;   10;  15.2;   4.4;    3;   6.8;   6;    0.983;   0;   7.8;   8.7;  945.20;    8.3;   80.13;   11.3;    3.7;    2.9;eor
       3379;20180329;   10;  15.3;   3.4;    3;   0.0;   6;    1.200;   0;   7.3;   6.8;  946.30;    6.7;   69.88;   10.2;    3.0;    0.0;eor
       3379;20180330;   10;  12.0;   3.3;    3;   0.2;   6;    5.700;   0;   6.2;   7.3;  941.97;    8.4;   68.46;   14.6;    1.7;   -1.3;eor
       3379;20180331;   10;  10.2;   3.3;    3;   0.8;   6;    0.167;   0;   7.9;   7.3;  938.48;    6.3;   76.63;    9.2;    3.6;    3.0;eor
       3379;20180401;   10;  21.5;   6.1;    3;   0.9;   6;    1.333;   0;   7.6;   6.7;  947.19;    5.5;   74.79;    9.0;    3.6;    2.6;eor
       3379;20180402;   10;   7.0;   2.5;    3;   0.0;   6;    9.983;   0;   5.8;   5.5;  949.89;    9.5;   50.71;   16.5;    1.9;   -1.6;eor
       3379;20180403;   10;  12.6;   2.7;    3;   0.0;   6;    8.017;   0;   8.0;   6.6;  946.24;   15.9;   37.83;   22.6;   10.0;    7.9;eor
       3379;20180404;   10;  18.1;   3.5;    3;   0.0;   6;    9.550;   0;   6.8;   7.1;  945.51;   15.4;   42.96;   23.3;    8.8;    5.7;eor
       3379;20180405;   10;  17.2;   5.0;    3;   2.3;   6;    6.883;   0;   5.2;   7.4;  953.07;   10.0;   60.83;   15.5;    6.0;    4.3;eor
       3379;20180406;   10;  10.3;   3.4;    3;   0.0;   0;   12.617;   0;   3.8;   6.4;  958.73;    8.6;   59.08;   14.5;    2.6;   -0.7;eor
       3379;20180407;   10;   8.1;   2.4;    3;   0.0;   0;   12.817;   0;   0.0;   7.0;  952.98;   11.8;   53.67;   20.6;    3.4;    0.3;eor
       3379;20180408;   10;   7.4;   2.1;    3;   0.0;   6;   12.050;   0;   0.6;   8.7;  948.17;   13.3;   60.42;   22.0;    4.6;    1.8;eor
       3379;20180409;   10;   7.1;   2.0;    3;   0.0;   0;    4.917;   0;   7.3;   7.4;  944.10;   15.7;   45.63;   24.0;    8.5;    5.7;eor
       3379;20180410;   10;   9.2;   2.5;    3;   0.3;   6;    4.600;   0;   7.3;   9.1;  942.45;   14.1;   56.96;   19.3;    9.7;    6.4;eor
       3379;20180411;   10;  10.4;   3.3;    3;   0.0;   0;   10.817;   0;   5.8;   9.3;  944.46;   14.3;   59.67;   19.5;    9.0;    6.8;eor
       3379;20180412;   10;   9.2;   3.7;    3;   0.0;   0;    6.917;   0;   6.9;   6.7;  939.94;   17.4;   35.33;   24.4;   12.2;    9.5;eor
       3379;20180413;   10;  19.9;   3.5;    3;   0.0;   0;    7.800;   0;   7.4;   7.7;  947.76;   13.3;   51.71;   19.2;    8.2;    5.1;eor
       3379;20180414;   10;  12.4;   2.4;    3;   0.0;   0;   11.517;   0;   5.3;   7.8;  957.38;   13.6;   53.08;   20.3;    6.6;    3.9;eor
       3379;20180415;   10;   6.3;   2.0;    3;   0.9;   6;    3.367;   0;   7.8;   9.2;  951.25;   14.0;   58.21;   19.2;    7.7;    5.0;eor
       3379;20180416;   10;   6.5;   2.5;    3;   2.5;   6;    0.217;   0;   7.7;  12.3;  954.00;   12.7;   83.58;   14.8;   11.5;    9.6;eor
       3379;20180417;   10;   7.5;   2.0;    3;   0.0;   0;   10.300;   0;   2.5;  10.4;  963.60;   14.8;   64.75;   20.6;    9.3;    6.5;eor
       3379;20180418;   10;  11.5;   2.8;    3;   0.0;   0;   13.100;   0;   0.9;   9.3;  968.97;   15.5;   57.46;   22.5;    7.1;    4.7;eor
       3379;20180419;   10;   9.8;   3.3;    3;   0.0;   0;   13.133;   0;   2.7;   9.0;  966.51;   16.8;   50.29;   24.6;    8.3;    5.2;eor
       3379;20180420;   10;   6.7;   2.2;    3;   0.0;   0;   13.267;   0;   6.0;   9.9;  962.14;   18.1;   52.58;   27.7;    8.7;    5.8;eor
       3379;20180421;   10;   7.5;   2.3;    3;   0.0;   0;   13.050;   0;   4.8;  10.9;  958.28;   19.5;   52.25;   27.2;   10.5;    8.2;eor
       3379;20180422;   10;   7.7;   2.1;    3;   0.0;   0;   11.967;   0;   4.0;  10.6;  955.09;   19.6;   51.08;   27.6;   10.9;    9.1;eor
       3379;20180423;   10;  14.1;   3.8;    3;   0.2;   6;    5.317;   0;   7.7;  11.2;  955.78;   18.4;   54.38;   25.0;   13.3;   11.8;eor
       3379;20180424;   10;  11.3;   3.4;    3;   0.0;   0;   10.150;   0;   7.3;  11.1;  956.93;   17.0;   59.67;   22.8;   12.5;   10.3;eor
       3379;20180425;   10;  19.3;   4.6;    3;   1.0;   6;   10.700;   0;   5.4;  10.6;  952.82;   18.0;   54.29;   24.6;   11.9;    9.7;eor
       3379;20180426;   10;  10.9;   3.3;    3;   0.1;   6;    1.017;   0;   7.6;   9.1;  956.77;   11.2;   68.29;   13.4;    7.4;    5.2;eor
       3379;20180427;   10;  10.2;   2.7;    3;   0.0;   0;   13.083;   0;   6.0;   9.4;  951.81;   14.5;   59.75;   22.0;    5.3;    3.3;eor
       3379;20180428;   10;   9.1;   2.7;    3;   0.0;   0;   13.250;   0;   2.1;  10.3;  950.94;   17.2;   54.50;   24.1;    9.5;    7.2;eor
       3379;20180429;   10;  12.5;   3.3;    3;   0.0;   6;   12.183;   0;   5.5;   9.9;  945.90;   19.2;   48.88;   27.8;   10.6;    8.2;eor
       3379;20180430;   10;  16.0;   3.1;    3;   1.5;   6;    5.367;   0;   6.9;   9.1;  945.24;   15.0;   55.17;   19.7;    9.3;    8.6;eor
       3379;20180501;   10;   7.7;   2.5;    3;   0.0;   0;    3.467;-999;   7.7;   8.6;  951.25;   12.6;   59.33;   15.9;   10.4;    8.5;eor
       3379;20180502;   10;   6.5;   2.4;    3;   0.0;   6;    2.967;-999;   7.8;   9.4;  949.29;   13.7;   60.08;   18.5;    9.1;    8.0;eor
       3379;20180503;   10;   7.7;   2.9;    3;   0.0;   6;    3.233;-999;   7.8;  10.9;  951.19;   15.1;   63.38;   20.1;   11.6;   10.7;eor
       3379;20180504;   10;   8.5;   3.2;    3;   0.0;   0;    2.517;-999;   7.0;  12.5;  955.33;   15.5;   71.08;   20.3;   12.4;   11.7;eor
       3379;20180505;   10;  12.0;   4.3;    3;   0.0;   0;    8.583;-999;   5.3;  12.7;  958.40;   16.8;   67.13;   22.2;   12.4;   10.9;eor
       3379;20180506;   10;  11.1;   3.6;    3;   0.0;   0;   13.333;-999;   1.0;   9.4;  959.11;   17.0;   51.75;   23.2;   11.7;    9.9;eor
       3379;20180507;   10;  12.5;   4.0;    3;   0.0;   0;   14.250;-999;   1.2;   8.9;  955.58;   17.4;   46.50;   23.7;    9.8;    7.3;eor
       3379;20180508;   10;  11.9;   4.0;    3;   0.0;   0;   14.233;-999;   2.7;   8.8;  949.68;   17.8;   45.13;   24.1;   11.0;    8.2;eor
       3379;20180509;   10;   7.9;   2.3;    3;   1.2;   6;   11.417;-999;   3.4;  10.3;  946.32;   16.1;   58.08;   22.5;   10.1;    7.6;eor
       3379;20180510;   10;  12.5;   4.3;    3;   1.0;   6;    9.933;-999;   6.0;  10.7;  950.62;   16.0;   61.08;   22.6;    9.7;    9.3;eor
       3379;20180511;   10;   8.6;   2.6;    3;   0.0;   0;    9.667;-999;  -999;  11.5;  956.81;   14.8;   69.88;   21.4;    9.2;    8.7;eor
       3379;20180512;   10;  10.0;   2.3;    3;   0.0;   0;   10.817;-999;   5.2;  12.0;  952.96;   19.1;   58.13;   26.4;   11.4;    9.8;eor
       3379;20180513;   10;  10.8;   2.4;    3;  10.6;   8;   10.250;-999;   3.8;  13.6;  947.04;   17.7;   70.50;   26.1;   12.0;    9.9;eor
       3379;20180514;   10;  14.3;   3.0;    3;   0.0;   0;    3.300;-999;   7.3;  13.2;  946.34;   16.9;   70.08;   22.1;   13.1;   11.1;eor
       3379;20180515;   10;  10.6;   2.6;    3;   9.5;   8;    4.817;-999;   6.4;  11.3;  949.72;   12.9;   76.42;   17.2;   10.0;    8.6;eor
       3379;20180516;   10;   9.0;   3.3;    3;  22.3;   6;    0.150;-999;   7.8;  11.6;  952.27;   10.7;   89.88;   13.2;    9.5;    8.2;eor
       3379;20180517;   10;  11.0;   3.2;    3;   5.8;   6;    2.633;-999;   7.7;  12.5;  955.36;   12.5;   86.63;   16.9;   10.1;    9.5;eor
       3379;20180518;   10;   6.4;   2.1;    3;   0.0;   0;    9.733;-999;   5.9;  11.7;  957.36;   15.2;   70.00;   20.8;   10.7;    9.4;eor
       3379;20180519;   10;  12.1;   2.5;    3;  20.4;   6;    7.983;-999;   5.9;  11.8;  957.27;   13.8;   77.33;   21.1;    8.8;    7.3;eor
       3379;20180520;   10;  11.1;   3.2;    3;   0.4;   6;    2.933;-999;   7.9;  12.3;  957.02;   15.7;   71.33;   21.4;   11.6;   11.4;eor
       3379;20180521;   10;   8.2;   2.4;    3;   0.0;   6;   12.133;-999;   2.8;  11.5;  953.02;   16.9;   61.63;   24.4;   10.0;    8.8;eor
       3379;20180522;   10;  11.9;   2.3;    3;   0.0;   6;   10.933;-999;   7.2;  12.8;  951.52;   17.7;   65.71;   25.0;   10.7;    9.1;eor
       3379;20180523;   10;  12.0;   2.2;    3;   1.6;   6;    4.750;-999;   7.7;  14.3;  955.40;   18.2;   70.71;   24.3;   13.9;   12.5;eor
       3379;20180524;   10;  10.2;   1.7;    3;  28.7;   8;    2.683;-999;   7.5;  15.6;  957.06;   16.7;   83.08;   21.4;   13.1;   11.7;eor
       3379;20180525;   10;  10.0;   2.1;    3;   0.0;   0;   12.817;-999;   2.2;  14.2;  957.58;   17.9;   72.50;   25.1;   11.1;    9.8;eor
       3379;20180526;   10;   6.7;   2.1;    3;   0.0;   0;   12.400;-999;   6.7;  14.5;  959.17;   18.7;   70.13;   25.7;   12.2;   10.9;eor
       3379;20180527;   10;   5.9;   1.7;    3;   0.0;   0;   10.900;-999;   7.4;  14.9;  957.68;   20.6;   64.54;   27.0;   13.8;   12.2;eor
       3379;20180528;   10;   8.5;   2.3;    3;   0.0;   0;   12.217;-999;   5.6;  14.4;  955.58;   22.3;   55.46;   29.0;   14.3;   12.4;eor
       3379;20180529;   10;   7.9;   2.2;    3;  26.3;   8;   10.200;-999;   7.7;  16.1;  953.19;   21.7;   64.04;   27.0;   15.3;   13.9;eor
       3379;20180530;   10;   8.7;   2.5;    3;   0.0;   6;   10.517;-999;   5.2;  17.0;  954.33;   21.6;   68.54;   26.9;   16.1;   15.3;eor
       3379;20180531;   10;  16.2;   2.4;    3;  13.4;   8;   10.283;-999;   5.1;  17.4;  953.70;   21.0;   72.04;   28.3;   16.4;   15.1;eor
       3379;20180601;   10;   8.0;   2.7;    3;   1.3;   6;    6.250;-999;   7.6;  15.0;  957.52;   19.4;   67.58;   24.2;   15.0;   14.1;eor
       3379;20180602;   10;   7.3;   2.2;    3;   0.0;   0;   10.867;-999;   4.1;  14.8;  957.99;   19.8;   64.79;   24.4;   15.2;   13.3;eor
       3379;20180603;   10;   6.3;   2.1;    3;   0.0;   0;   13.017;-999;   2.0;  14.4;  955.94;   21.0;   60.04;   27.2;   14.2;   12.5;eor
       3379;20180604;   10;   8.9;   2.9;    3;   0.0;   0;   14.950;-999;   1.4;  14.2;  950.13;   21.9;   56.75;   28.1;   14.3;   12.4;eor
       3379;20180605;   10;   7.5;   2.3;    3;   0.0;   0;   13.283;-999;   1.4;  13.8;  949.59;   22.1;   53.92;   27.9;   15.9;   14.2;eor
       3379;20180606;   10;  13.6;   2.4;    3;   3.5;   8;    9.483;-999;   5.6;  16.3;  951.60;   20.1;   71.13;   28.4;   15.6;   13.6;eor
       3379;20180607;   10;  10.7;   1.8;    3;   5.7;   8;    5.083;-999;   7.4;  17.7;  954.15;   19.2;   81.08;   25.3;   14.8;   13.6;eor
       3379;20180608;   10;   9.0;   2.3;    3;   0.1;   6;    8.167;-999;   6.3;  18.0;  951.54;   20.9;   75.17;   27.8;   16.0;   15.1;eor
       3379;20180609;   10;   7.8;   2.6;    3;   8.7;   8;   10.450;-999;   6.1;  18.3;  951.57;   20.8;   75.96;   27.7;   15.8;   14.3;eor
       3379;20180610;   10;   7.7;   2.2;    3;   0.1;   6;   11.217;-999;   4.5;  18.4;  951.85;   21.5;   72.75;   26.5;   16.9;   15.6;eor
       3379;20180611;   10;   8.9;   2.2;    3;   2.2;   8;    9.617;-999;   4.0;  18.4;  949.32;   22.2;   71.25;   29.7;   17.1;   15.4;eor
       3379;20180612;   10;   7.9;   2.1;    3;  61.7;   8;    2.200;-999;   7.6;  17.0;  948.43;   18.1;   83.29;   24.1;   15.3;   14.8;eor
       3379;20180613;   10;   9.7;   2.9;    3;  12.6;   6;    0.000;-999;   7.6;  14.3;  950.76;   13.4;   92.38;   15.5;   12.1;   11.3;eor
       3379;20180614;   10;   5.3;   1.8;    3;   0.0;   0;    6.350;-999;   5.4;  10.8;  955.55;   14.4;   67.25;   19.4;   10.7;    9.1;eor
       3379;20180615;   10;   7.2;   2.0;    3;   0.0;   0;   11.950;-999;   5.2;  10.8;  956.02;   17.0;   57.54;   22.4;   11.1;    9.9;eor
       3379;20180616;   10;   8.1;   1.9;    3;   0.0;   0;   13.983;-999;   2.1;  11.7;  955.08;   18.9;   57.04;   25.1;   10.7;    9.2;eor
       3379;20180617;   10;  10.0;   2.8;    3;  10.7;   6;    6.267;-999;   7.1;  14.9;  957.01;   18.6;   70.58;   24.2;   14.1;   12.5;eor
       3379;20180618;   10;   7.8;   2.3;    3;   0.0;   0;    6.683;-999;   6.3;  14.5;  961.22;   18.4;   70.13;   23.0;   15.2;   13.6;eor
       3379;20180619;   10;   6.6;   2.1;    3;   0.0;   0;    8.633;-999;   3.8;  14.5;  963.18;   19.5;   65.96;   25.3;   14.0;   12.3;eor
       3379;20180620;   10;   7.8;   2.1;    3;   0.0;   0;   15.033;-999;   0.5;  15.5;  960.20;   21.8;   62.08;   28.2;   14.4;   12.9;eor
       3379;20180621;   10;  15.0;   3.9;    3;   0.7;   6;    9.050;-999;   4.5;  15.4;  955.61;   21.7;   60.00;   29.4;   15.3;   14.9;eor
       3379;20180622;   10;  13.1;   4.5;    3;   0.0;   6;   11.333;-999;   2.6;   7.9;  961.70;   13.4;   51.67;   17.2;   10.0;    7.9;eor
       3379;20180623;   10;  10.3;   2.9;    3;   0.0;   6;    7.400;-999;   6.6;   9.2;  962.50;   14.2;   57.58;   18.5;    8.9;    7.0;eor
       3379;20180624;   10;   6.3;   2.1;    3;   2.8;   6;    4.600;-999;   7.9;  10.5;  959.37;   15.8;   59.04;   19.8;   12.6;   11.7;eor
       3379;20180625;   10;   6.1;   1.8;    3;   0.0;   0;    2.583;-999;   7.7;  11.7;  960.37;   15.3;   68.92;   19.5;   11.1;   10.9;eor
       3379;20180626;   10;   9.9;   2.2;    3;   0.0;   0;    8.917;-999;   4.0;  12.3;  961.00;   17.1;   64.67;   21.9;   11.1;    9.2;eor
       3379;20180627;   10;  13.3;   2.5;    3;   1.8;   8;    7.800;-999;   3.9;  11.9;  959.91;   16.5;   65.17;   22.7;   11.7;   10.0;eor
       3379;20180628;   10;   8.4;   2.3;    3;  20.7;   6;    0.000;-999;   7.5;  14.8;  957.28;   14.2;   91.00;   15.7;   11.6;   10.0;eor
       3379;20180629;   10;   4.4;   1.7;    3;   0.0;   6;    4.250;-999;   6.8;  16.9;  954.82;   18.3;   81.33;   23.8;   14.6;   14.3;eor
       3379;20180630;   10;   9.2;   2.7;    3;   0.0;   0;   12.400;-999;   2.3;  15.0;  953.50;   20.7;   62.75;   26.7;   15.0;   12.9;eor
       3379;20180701;   10;   8.3;   3.5;    3;   0.0;   0;   15.583;-999;   0.0;   9.3;  955.23;   17.8;   47.33;   23.5;   12.2;   10.2;eor
       3379;20180702;   10;   8.4;   2.8;    3;   0.0;   0;   15.633;-999;   0.6;   9.6;  954.53;   18.1;   48.00;   24.5;   11.0;    8.6;eor
       3379;20180703;   10;   8.7;   2.2;    3;   0.0;   0;   12.833;-999;   5.7;  12.4;  955.85;   20.2;   54.29;   26.6;   12.0;   10.4;eor
       3379;20180704;   10;  10.3;   2.5;    3;   0.2;   6;    7.683;-999;   6.9;  15.7;  955.74;   21.3;   63.38;   26.9;   16.1;   13.6;eor
       3379;20180705;   10;  13.7;   2.8;    3;   8.9;   6;    5.933;-999;   6.5;  15.7;  953.95;   19.8;   69.71;   26.0;   13.7;   11.9;eor
       3379;20180706;   10;   9.9;   3.4;    3;  13.7;   6;    0.467;-999;   7.8;  17.0;  957.15;   17.1;   87.58;   20.7;   15.4;   14.8;eor
       3379;20180707;   10;   9.3;   2.9;    3;   0.0;   0;   12.300;-999;   3.3;  13.4;  960.75;   19.2;   63.00;   24.8;   13.9;   12.5;eor
       3379;20180708;   10;  10.2;   2.7;    3;   0.0;   0;   12.150;-999;   5.0;  13.4;  959.71;   20.3;   58.38;   25.5;   15.3;   13.4;eor
       3379;20180709;   10;   6.6;   1.8;    3;   0.0;   0;   12.450;-999;   5.8;  12.9;  958.11;   21.1;   54.13;   26.8;   13.3;   12.1;eor
       3379;20180710;   10;  18.0;   2.4;    3;   4.3;   8;    3.383;-999;   7.5;  14.1;  954.72;   18.1;   69.17;   24.4;   15.2;   14.0;eor
       3379;20180711;   10;   9.3;   2.7;    3;   0.0;   6;    6.050;-999;   6.0;  12.3;  954.95;   16.4;   66.46;   19.8;   12.7;   10.7;eor
       3379;20180712;   10;   8.7;   2.6;    3;   0.0;   0;   12.867;-999;   2.0;  12.3;  956.61;   18.2;   60.38;   23.3;   12.1;   10.0;eor
       3379;20180713;   10;   7.6;   1.8;    3;   0.0;   0;   14.283;-999;   0.5;  12.7;  958.37;   20.6;   56.04;   27.3;   13.0;   11.3;eor
       3379;20180714;   10;  12.2;   2.0;    3;   2.1;   6;    8.167;-999;   5.3;  15.5;  957.51;   20.5;   66.96;   27.9;   14.8;   13.3;eor
       3379;20180715;   10;  15.8;   2.1;    3;   5.1;   6;    9.350;-999;   5.8;  14.9;  955.50;   20.1;   66.54;   27.7;   15.1;   13.9;eor
       3379;20180716;   10;   9.7;   2.0;    3;   0.1;   6;    7.583;-999;   5.9;  14.8;  953.45;   19.6;   66.58;   25.4;   15.0;   13.7;eor
       3379;20180717;   10;  17.1;   3.3;    3;   4.7;   6;   10.050;-999;   4.5;  14.6;  954.81;   19.6;   66.58;   26.8;   15.0;   13.2;eor
       3379;20180718;   10;   9.5;   3.0;    3;   0.0;   6;   13.517;-999;   1.5;  13.8;  956.24;   22.0;   54.75;   28.2;   16.0;   13.8;eor
       3379;20180719;   10;   7.3;   2.0;    3;   0.0;   0;   13.500;-999;   2.4;  12.9;  955.97;   21.8;   53.13;   28.2;   14.6;   13.1;eor
       3379;20180720;   10;  11.7;   2.0;    3;   7.1;   6;   11.450;-999;   4.9;  13.9;  953.16;   23.0;   53.54;   29.9;   14.7;   13.1;eor
       3379;20180721;   10;   6.4;   2.2;    3;  26.0;   6;    0.500;-999;   7.8;  17.5;  952.33;   18.0;   85.13;   20.3;   16.3;   15.9;eor
       3379;20180722;   10;   7.4;   2.6;    3;  18.1;   6;    0.000;-999;   7.7;  18.2;  953.80;   17.1;   93.50;   18.5;   15.9;   15.6;eor
       3379;20180723;   10;   7.0;   2.2;    3;   0.3;   6;    5.700;-999;   6.5;  17.7;  956.46;   20.0;   78.43;   25.0;   16.6;   15.3;eor
       3379;20180724;   10;   7.8;   2.0;    3;   0.0;   0;   14.200;-999;   0.3;  15.7;  955.00;   22.1;   63.13;   28.9;   15.1;   13.7;eor
       3379;20180725;   10;  11.9;   2.3;    3;   0.7;   6;   11.633;-999;   1.9;  16.9;  954.61;   23.1;   63.17;   30.7;   16.5;   14.7;eor
       3379;20180726;   10;   8.1;   2.3;    3;   0.0;   0;   14.250;-999;   0.9;  15.9;  955.05;   23.3;   58.58;   29.0;   16.9;   15.6;eor
       3379;20180727;   10;   8.3;   2.2;    3;   0.0;   4;   13.400;-999;   1.2;  16.5;  952.96;   23.7;   58.79;   29.8;   16.8;   15.6;eor
       3379;20180728;   10;  11.3;   2.9;    3;   0.5;   6;   10.033;-999;   4.5;  16.3;  951.80;   23.7;   57.92;   30.0;   17.1;   16.0;eor
       3379;20180729;   10;   6.4;   2.0;    3;   0.0;   0;   12.250;-999;   7.1;  16.9;  955.38;   24.1;   58.17;   29.8;   18.8;   17.1;eor
       3379;20180730;   10;   5.8;   1.8;    3;   0.0;   0;   12.517;-999;   0.8;  16.3;  956.21;   25.3;   54.08;   32.3;   18.7;   17.1;eor
       3379;20180731;   10;   6.6;   1.8;    3;   0.0;   0;   13.950;-999;   0.5;  16.0;  956.59;   26.0;   51.13;   33.7;   17.5;   16.1;eor
       3379;20180801;   10;  13.2;   2.5;    3;   0.0;   0;   12.317;-999;   2.3;  16.6;  957.40;   27.2;   48.33;   34.3;   20.8;   19.1;eor
       3379;20180802;   10;   9.8;   3.0;    3;   0.0;   0;   12.067;-999;   4.2;  18.6;  960.19;   24.3;   62.08;   31.3;   19.3;   18.2;eor
       3379;20180803;   10;   8.0;   2.2;    3;   0.0;   0;   13.200;-999;   2.6;  19.1;  959.19;   25.9;   59.38;   32.7;   19.7;   18.5;eor
       3379;20180804;   10;   9.0;   1.7;    3;   0.0;   0;   12.300;-999;   3.0;  18.0;  957.04;   26.4;   56.13;   34.2;   19.2;   18.0;eor
       3379;20180805;   10;  10.1;   2.5;    3;   0.0;   0;   11.800;-999;   3.0;  18.1;  957.47;   25.9;   55.54;   31.9;   21.4;   19.3;eor
       3379;20180806;   10;   8.2;   2.4;    3;   0.0;   0;   12.700;-999;   7.1;  16.2;  956.53;   25.4;   51.79;   32.0;   18.6;   17.0;eor
       3379;20180807;   10;   7.6;   2.1;    3;   0.4;   6;    6.767;-999;   5.6;  16.2;  954.07;   25.6;   50.17;   32.0;   20.5;   18.9;eor
       3379;20180808;   10;  14.3;   2.6;    3;   0.0;   0;   11.067;-999;   4.0;  17.1;  954.59;   24.6;   56.83;   30.4;   18.8;   17.1;eor
       3379;20180809;   10;  16.2;   2.7;    3;  22.6;   8;   10.367;-999;   5.5;  16.0;  954.46;   25.0;   54.46;   35.1;   17.9;   17.1;eor
       3379;20180810;   10;  10.3;   2.2;    3;   8.5;   6;    0.200;-999;   6.6;  15.8;  962.93;   16.5;   83.88;   18.6;   13.7;   12.3;eor
       3379;20180811;   10;  10.3;   2.5;    3;   0.0;   0;   12.767;-999;   4.5;  12.7;  962.03;   18.4;   63.67;   24.7;   12.4;   11.4;eor
       3379;20180812;   10;   7.5;   2.0;    3;   0.0;   0;   13.783;-999;   2.0;  14.2;  956.26;   20.9;   60.50;   28.8;   12.0;   10.8;eor
       3379;20180813;   10;  19.3;   2.8;    3;  25.1;   8;    8.683;-999;   4.6;  16.7;  951.20;   21.9;   67.54;   30.1;   17.3;   15.7;eor
       3379;20180814;   10;   8.5;   2.8;    3;   0.0;   6;    3.767;-999;   7.7;  15.1;  955.08;   19.7;   67.38;   23.9;   16.4;   15.0;eor
       3379;20180815;   10;   6.9;   2.1;    3;   0.0;   0;   10.300;-999;   4.1;  14.7;  959.20;   20.5;   61.92;   25.7;   16.7;   14.8;eor
       3379;20180816;   10;   7.9;   2.3;    3;   0.0;   0;   13.483;-999;   0.7;  14.7;  956.59;   21.5;   60.42;   27.8;   15.3;   13.5;eor
       3379;20180817;   10;   6.8;   1.6;    3;   0.0;   0;   12.700;-999;   2.9;  14.7;  955.22;   21.9;   59.25;   29.0;   14.5;   13.0;eor
       3379;20180818;   10;   6.5;   2.5;    3;   0.0;   0;   10.317;-999;   6.0;  16.5;  959.53;   21.9;   63.75;   27.4;   18.0;   16.4;eor
       3379;20180819;   10;   5.3;   1.8;    3;   0.0;   0;   12.650;-999;   2.1;  15.5;  959.54;   23.2;   57.88;   30.1;   16.6;   14.9;eor
       3379;20180820;   10;   6.5;   2.2;    3;   0.0;   0;   12.683;-999;   3.0;  14.9;  958.50;   23.5;   53.33;   29.7;   18.4;   16.2;eor
       3379;20180821;   10;   6.6;   2.0;    3;   0.0;   0;   12.283;-999;   0.8;  15.7;  958.45;   23.0;   57.71;   29.8;   16.7;   15.2;eor
       3379;20180822;   10;   7.3;   1.6;    3;   0.0;   0;   13.000;-999;   1.1;  15.8;  956.69;   23.9;   56.63;   31.5;   16.3;   14.9;eor
       3379;20180823;   10;  11.7;   2.8;    3;   0.2;   6;    9.500;-999;   5.8;  16.6;  954.08;   23.8;   57.75;   29.9;   19.6;   17.9;eor
       3379;20180824;   10;  11.7;   3.3;    3;   3.4;   6;    0.767;-999;   7.3;  16.3;  952.93;   18.4;   77.17;   23.1;   14.6;   13.3;eor
       3379;20180825;   10;   9.3;   2.7;    3;   6.1;   6;    0.000;-999;   7.7;  12.3;  953.68;   14.0;   77.63;   17.8;   10.5;    9.8;eor
       3379;20180826;   10;   6.7;   2.2;    3;   0.0;   0;    8.750;-999;   6.1;   9.7;  956.44;   13.4;   65.42;   18.5;    9.5;    8.4;eor
       3379;20180827;   10;   9.4;   2.6;    3;   0.0;   6;    9.917;-999;   4.7;   9.7;  955.98;   18.1;   49.67;   25.5;    8.3;    6.9;eor
       3379;20180828;   10;   6.1;   1.8;    3;   0.0;   0;    7.867;-999;   5.4;  14.8;  958.18;   20.1;   64.04;   25.9;   14.4;   13.0;eor
       3379;20180829;   10;  17.8;   2.1;    3;   6.9;   6;   10.400;-999;   5.1;  15.7;  954.56;   20.5;   68.88;   29.2;   13.1;   11.9;eor
       3379;20180830;   10;   8.6;   2.5;    3;   7.1;   6;    0.000;-999;   7.7;  16.1;  958.50;   17.0;   83.33;   18.9;   14.6;   13.7;eor
       3379;20180831;   10;   5.5;   1.9;    3;  20.8;   6;    0.000;-999;   7.8;  15.0;  958.46;   14.3;   91.67;   15.3;   13.3;   13.0;eor
       3379;20180901;   10;   7.3;   2.7;    3;   8.7;   6;    0.000;-999;   7.8;  13.4;  960.46;   12.0;   95.33;   13.4;   11.0;   10.9;eor
       3379;20180902;   10;   4.5;   1.6;    3;   0.2;   6;    0.017;-999;   8.0;  13.9;  959.04;   13.8;   88.33;   16.7;   11.5;   11.2;eor
       3379;20180903;   10;   4.5;   1.5;    3;  24.5;   6;    2.917;-999;   7.9;  14.7;  955.28;   16.1;   81.50;   19.4;   12.5;   11.4;eor
       3379;20180904;   10;   7.3;   2.3;    3;  11.0;   6;    3.067;-999;   7.5;  16.5;  955.39;   15.9;   91.67;   19.7;   14.2;   13.8;eor
       3379;20180905;   10;   7.2;   2.1;    3;   0.0;   0;   11.100;-999;   2.7;  16.0;  956.07;   18.0;   78.63;   24.7;   12.3;   11.0;eor
       3379;20180906;   10;   8.4;   2.0;    3;  11.5;   6;   11.617;-999;   4.6;  15.3;  951.97;   18.8;   73.71;   25.5;   12.3;   10.9;eor
       3379;20180907;   10;   8.0;   2.4;    3;   2.0;   6;    2.550;-999;   7.5;  16.4;  954.38;   17.3;   83.96;   23.0;   14.5;   13.8;eor
       3379;20180908;   10;   4.8;   1.5;    3;   0.0;   0;    7.467;-999;   5.0;  14.3;  959.98;   16.5;   78.13;   21.9;   12.7;   10.9;eor
       3379;20180909;   10;   5.1;   1.6;    3;   0.0;   6;   12.183;-999;   5.8;  13.6;  961.10;   17.3;   71.83;   24.7;   11.1;    9.8;eor
       3379;20180910;   10;   6.7;   2.0;    3;   0.0;   0;   10.900;-999;   4.3;  13.5;  962.51;   18.8;   65.67;   25.5;   11.3;    9.7;eor
       3379;20180911;   10;   8.1;   2.5;    3;   0.0;   0;   12.000;-999;   5.9;  13.2;  963.91;   20.3;   57.21;   27.8;   13.9;   11.9;eor
       3379;20180912;   10;   6.5;   2.0;    3;   0.0;   0;   12.117;-999;   1.1;  14.2;  960.93;   21.7;   58.17;   29.3;   14.2;   12.1;eor
       3379;20180913;   10;   9.5;   2.0;    3;  13.7;   6;    3.133;-999;   7.0;  16.1;  957.40;   19.4;   72.21;   25.3;   15.7;   14.0;eor
       3379;20180914;   10;   7.9;   1.6;    3;   0.9;   6;    2.300;-999;   6.6;  15.8;  958.85;   16.9;   82.88;   21.1;   14.3;   13.5;eor
       3379;20180915;   10;   6.0;   2.0;    3;   0.0;   0;    3.900;-999;   5.2;  14.5;  962.08;   16.7;   77.25;   21.0;   11.3;    9.8;eor
       3379;20180916;   10;   7.3;   2.0;    3;   0.8;   6;   10.700;-999;   5.0;  14.1;  961.60;   16.8;   74.83;   23.6;    9.5;    8.2;eor
       3379;20180917;   10;   5.3;   1.6;    3;   0.0;   0;   11.017;-999;   2.2;  16.5;  959.72;   19.7;   74.46;   25.8;   14.5;   12.9;eor
       3379;20180918;   10;  11.3;   2.5;    3;   0.5;   6;   10.067;-999;   2.9;  15.6;  957.58;   20.3;   68.25;   28.0;   14.2;   12.8;eor
       3379;20180919;   10;   6.0;   1.8;    3;   0.0;   6;    7.417;-999;   3.4;  15.8;  960.46;   19.4;   71.67;   25.5;   14.5;   12.9;eor
       3379;20180920;   10;   7.9;   1.8;    3;   0.0;   0;   11.667;-999;   1.7;  14.9;  959.01;   20.1;   67.04;   27.7;   13.2;   11.7;eor
       3379;20180921;   10;  15.1;   3.9;    3;   3.0;   6;    8.333;-999;   4.9;  13.6;  954.17;   19.7;   63.63;   28.6;   11.7;   10.8;eor
       3379;20180922;   10;   7.6;   2.6;    3;   8.3;   6;    7.867;-999;   7.5;  10.1;  961.14;   14.0;   64.50;   17.6;   11.1;    9.8;eor
       3379;20180923;   10;  21.0;   5.4;    3;  14.2;   8;    4.767;-999;   6.9;  14.8;  954.02;   17.3;   76.96;   25.6;    9.7;    9.1;eor
       3379;20180924;   10;  11.2;   3.9;    3;   0.0;   0;    5.933;-999;   4.2;   7.8;  968.19;    9.3;   67.79;   13.6;    5.8;    3.7;eor
       3379;20180925;   10;   6.8;   2.3;    3;   0.0;   0;    8.783;-999;   1.3;   6.7;  974.43;    7.9;   64.42;   13.1;    4.2;    2.6;eor
       3379;20180926;   10;   6.1;   2.1;    3;   0.0;   0;   10.517;-999;   6.4;   7.8;  972.05;   10.0;   64.50;   17.4;    2.7;    0.9;eor
       3379;20180927;   10;   4.8;   1.6;    3;   0.0;   0;   11.583;-999;   0.3;  10.3;  966.98;   13.7;   69.63;   22.5;    6.1;    4.4;eor
       3379;20180928;   10;   8.1;   2.8;    3;   0.0;   0;   10.683;-999;   2.0;  11.1;  960.46;   15.2;   66.21;   21.7;    8.6;    6.9;eor
       3379;20180929;   10;   9.7;   3.4;    3;   0.0;   0;    8.300;-999;   4.4;   8.3;  962.71;   11.2;   62.96;   16.2;    5.8;    4.3;eor
       3379;20180930;   10;   5.3;   1.8;    3;  18.7;   6;   11.100;-999;   0.9;  10.2;  955.72;   11.8;   72.67;   20.5;    3.4;    2.2;eor
       3379;20181001;   10;  12.6;   3.3;    3;  10.9;   6;    0.283;-999;   7.8;  10.9;  954.03;   10.4;   85.21;   13.4;    7.2;    6.6;eor
       3379;20181002;   10;  12.7;   4.5;    3;   0.0;   6;    3.933;-999;   7.6;   7.8;  960.60;    8.8;   69.58;   11.8;    5.3;    4.3;eor
       3379;20181003;   10;  12.6;   4.0;    3;   0.0;   6;    0.450;   0;   7.7;  10.3;  963.45;   11.2;   77.42;   14.5;    9.1;    6.8;eor
       3379;20181004;   10;   6.3;   2.0;    3;   0.0;   0;    9.967;   0;   0.9;  10.1;  964.97;   10.9;   79.29;   17.2;    5.8;    3.8;eor
       3379;20181005;   10;   5.0;   1.5;    3;   0.0;   0;   11.083;   0;   3.3;  10.8;  959.58;   11.8;   79.58;   20.8;    4.9;    3.1;eor
       3379;20181006;   10;   4.7;   1.4;    3;   0.4;   6;    7.250;   0;   7.7;  12.3;  953.00;   15.3;   73.71;   23.2;    8.3;    6.8;eor
       3379;20181007;   10;   5.3;   1.9;    3;   0.0;   0;    1.033;   0;   6.8;  13.8;  953.95;   15.7;   78.38;   20.9;   11.2;    9.1;eor
       3379;20181008;   10;   6.9;   2.1;    3;   0.0;   0;    4.167;   0;   4.4;  13.5;  959.10;   13.2;   89.38;   18.4;    9.4;    7.7;eor
       3379;20181009;   10;   6.2;   1.8;    3;   0.0;   0;    3.000;   0;   5.7;  13.4;  960.63;   13.3;   88.38;   18.4;    9.9;    7.7;eor
       3379;20181010;   10;   7.9;   2.5;    3;   0.0;   0;    7.517;   0;   3.3;  13.7;  957.30;   15.2;   80.21;   20.6;   10.5;    8.0;eor
       3379;20181011;   10;   6.8;   2.1;    3;   0.0;   6;   10.017;   0;   2.3;  11.7;  955.04;   16.5;   65.38;   25.1;    8.6;    6.1;eor
       3379;20181012;   10;   5.6;   1.9;    3;   0.0;   0;   10.283;   0;   1.6;  12.7;  962.15;   17.2;   67.42;   24.6;   11.0;    9.1;eor
       3379;20181013;   10;   8.1;   1.9;    3;   0.0;   0;   10.550;   0;   0.0;  12.1;  960.31;   14.5;   76.08;   22.3;    8.6;    6.7;eor
       3379;20181014;   10;   7.5;   2.3;    3;   0.0;   0;   10.500;   0;   0.0;  10.5;  953.88;   15.9;   62.96;   25.0;    8.1;    6.1;eor
       3379;20181015;   10;   6.7;   1.7;    3;   0.0;   0;    9.950;   0;   0.0;  10.0;  954.01;   14.4;   64.63;   23.2;    7.5;    5.2;eor
       3379;20181016;   10;   4.2;   1.6;    3;   0.0;   0;   10.083;   0;   0.4;  10.3;  957.52;   13.8;   69.46;   22.2;    7.7;    5.4;eor
       3379;20181017;   10;   4.9;   1.5;    3;   0.0;   0;   10.067;   0;   0.2;  10.2;  957.74;   12.8;   72.29;   20.9;    7.1;    4.8;eor
       3379;20181018;   10;   4.7;   1.4;    3;   0.0;   0;    9.417;   0;   5.8;  10.7;  958.25;   11.7;   79.50;   19.4;    6.3;    4.3;eor
       3379;20181019;   10;   7.6;   1.7;    3;   0.0;   0;    5.033;   0;   4.1;  10.8;  960.53;   10.5;   86.17;   17.4;    6.6;    4.2;eor
       3379;20181020;   10;   5.3;   1.6;    3;   0.0;   0;    3.350;   0;   6.5;  10.0;  965.43;   10.2;   81.38;   15.5;    6.3;    4.7;eor
       3379;20181021;   10;  12.0;   2.6;    3;   0.0;   0;    7.700;   0;   3.7;   7.8;  965.32;    9.6;   66.79;   14.5;    3.9;    1.6;eor
       3379;20181022;   10;   6.8;   1.9;    3;   0.0;   0;    9.933;   0;   2.5;   7.4;  965.34;    7.6;   72.33;   13.4;    2.0;    0.1;eor
       3379;20181023;   10;  17.1;   4.6;    3;   0.2;   6;    0.967;   0;   7.9;   8.0;  963.81;   10.5;   64.63;   13.5;    7.2;    5.7;eor
       3379;20181024;   10;  16.7;   6.5;    3;   3.7;   6;    0.000;   0;   7.8;  10.2;  959.95;   11.1;   77.75;   12.8;   10.2;    7.6;eor
       3379;20181025;   10;  10.7;   3.4;    3;   0.0;   0;    4.283;   0;   7.0;  11.1;  957.93;   11.9;   79.54;   15.4;   10.1;    8.2;eor
       3379;20181026;   10;   6.1;   1.8;    3;   0.0;   6;    6.767;   0;   6.3;   9.1;  949.55;   11.3;   68.50;   17.4;    7.2;    5.1;eor
       3379;20181027;   10;   8.5;   2.4;    3;  24.5;   6;    0.000;   0;   7.6;   8.1;  946.70;    5.8;   88.42;    8.8;    3.4;    3.1;eor
       3379;20181028;   10;   9.3;   3.4;    3;   4.4;   6;    0.000;   0;   7.8;   7.4;  943.30;    3.3;   95.63;    4.3;    2.0;    1.8;eor
       3379;20181029;   10;  16.5;   3.4;    3;   1.5;   6;    0.167;   0;   7.5;   9.4;  935.60;    6.9;   93.54;   15.1;    3.2;    3.2;eor
       3379;20181030;   10;  19.7;   4.7;    3;   0.0;   0;    1.750;   0;   4.1;   7.0;  939.14;    8.6;   63.54;   15.5;    2.0;   -0.4;eor
       3379;20181031;   10;   6.7;   2.2;    3;   0.0;   0;    3.833;   0;   6.5;   7.5;  954.22;    6.7;   76.63;   12.3;    1.2;   -1.6;eor
       3379;20181101;   10;   5.7;   1.9;    3;   0.0;   0;    1.717;   0;   6.1;   8.6;  951.62;    8.9;   75.54;   14.5;    6.0;    3.1;eor
       3379;20181102;   10;   3.2;   1.4;    3;   0.5;   6;    0.633;   0;   8.0;   9.4;  960.32;    8.2;   86.75;   10.7;    5.6;    3.3;eor
       3379;20181103;   10;   6.4;   2.0;    3;   0.0;   6;    0.000;   0;   8.0;  10.2;  962.67;    9.3;   86.92;   10.9;    7.8;    7.2;eor
       3379;20181104;   10;   6.1;   2.3;    3;   0.0;   0;    0.000;   0;   8.0;  10.8;  955.14;    9.7;   89.71;   10.7;    9.1;    8.2;eor
       3379;20181105;   10;   5.6;   1.7;    3;   0.0;   0;    6.067;   0;   5.8;  10.8;  948.93;   10.8;   84.83;   17.9;    6.4;    4.5;eor
       3379;20181106;   10;   8.9;   2.4;    3;   0.0;   0;    6.867;   0;   5.5;   9.6;  948.27;   12.6;   67.67;   21.2;    5.5;    2.6;eor
       3379;20181107;   10;   5.8;   1.9;    3;   0.0;   0;    7.767;   0;   4.3;  10.6;  951.54;   10.9;   82.38;   17.3;    6.6;    3.9;eor
       3379;20181108;   10;   7.9;   2.4;    3;   0.0;   0;    2.367;   0;   5.5;  10.4;  958.41;   10.1;   84.54;   14.6;    7.4;    5.2;eor
       3379;20181109;   10;   5.0;   2.0;    3;   0.0;   0;    0.000;   0;   8.0;  10.0;  954.90;    8.5;   89.79;   10.6;    6.9;    6.8;eor
       3379;20181110;   10;   5.1;   2.2;    3;   0.2;   6;    5.733;   0;   5.3;   9.5;  950.25;    8.0;   89.33;   13.3;    5.8;    4.7;eor
       3379;20181111;   10;   5.4;   1.8;    3;   0.0;   6;    5.817;   0;   4.6;   9.8;  953.76;    9.1;   85.71;   15.8;    6.0;    3.6;eor
       3379;20181112;   10;   5.1;   1.6;    3;   0.0;   0;    9.067;   0;   2.3;   9.5;  958.08;    9.2;   82.92;   17.7;    3.8;    1.3;eor
       3379;20181113;   10;  12.0;   2.3;    3;   0.1;   6;    2.183;   0;   6.3;   9.2;  965.28;    8.2;   84.71;   13.7;    3.9;    1.2;eor
       3379;20181114;   10;   6.0;   2.0;    3;   0.0;   0;    0.033;   0;   5.8;   8.3;  967.77;    4.8;   95.50;    6.6;    1.8;   -1.0;eor
       3379;20181115;   10;   5.3;   1.8;    3;   0.0;   6;    0.000;   0;   7.9;   7.9;  964.92;    4.5;   93.00;    5.5;    1.7;    0.0;eor
       3379;20181116;   10;   9.0;   2.9;    3;   0.0;   0;    3.300;   0;   5.1;   6.4;  965.24;    3.1;   84.75;    5.5;    0.9;   -1.2;eor
       3379;20181117;   10;  12.2;   3.7;    3;   0.0;   0;    8.433;   0;   0.7;   5.4;  963.85;    2.6;   74.75;    7.5;    0.0;   -2.5;eor
       3379;20181118;   10;   8.8;   3.2;    3;   1.1;   8;    8.483;   0;   2.1;   5.0;  959.31;    1.4;   74.88;    5.3;   -1.4;   -3.6;eor
       3379;20181119;   10;  11.4;   4.5;    3;   0.1;   8;    0.000;   0;   7.8;   5.2;  949.42;   -0.1;   85.25;    0.6;   -0.7;   -1.3;eor
       3379;20181120;   10;   9.1;   3.0;    3;   0.0;   0;    6.967;   0;   3.6;   5.5;  944.58;    1.8;   79.17;    6.8;   -1.1;   -3.2;eor
       3379;20181121;   10;   7.2;   2.3;    3;   0.0;   6;    0.000;   0;   8.0;   5.8;  952.20;    0.1;   94.13;    1.3;   -1.4;   -1.4;eor
       3379;20181122;   10;   4.9;   1.7;    3;   0.0;   0;    4.450;   0;   7.3;   6.1;  957.28;    2.2;   85.75;    6.0;    0.6;    0.2;eor
       3379;20181123;   10;   8.1;   2.5;    3;   0.0;   6;    0.000;   0;   8.0;   6.4;  956.45;    1.4;   95.42;    2.5;   -0.3;   -0.2;eor
       3379;20181124;   10;   7.0;   2.2;    3;   1.1;   6;    0.317;   0;   7.7;   7.7;  951.92;    4.3;   92.54;    7.6;    2.4;    0.1;eor
       3379;20181125;   10;   8.1;   2.2;    3;   0.8;   6;    0.000;   0;   7.8;   7.3;  947.09;    2.7;   98.13;    4.2;    0.5;    0.0;eor
       3379;20181126;   10;   5.2;   1.9;    3;  14.8;   8;    0.000;   0;   7.8;   6.8;  945.00;    1.9;   96.13;    3.3;    0.3;   -0.2;eor
       3379;20181127;   10;   3.3;   1.4;    3;   2.3;   8;    0.000;   2;   7.6;   6.2;  955.37;    0.9;   95.46;    1.6;   -0.6;   -2.4;eor
       3379;20181128;   10;   6.8;   2.4;    3;   0.0;   0;    0.000;   0;   6.7;   5.5;  962.45;   -0.1;   91.83;    1.3;   -1.8;   -4.6;eor
       3379;20181129;   10;   5.3;   2.3;    3;   0.0;   6;    5.867;   0;   7.6;   5.2;  958.88;   -0.1;   85.17;    2.4;   -1.7;   -2.8;eor
       3379;20181130;   10;   7.2;   1.5;    3;   4.1;   6;    0.000;   0;   7.8;   6.4;  954.26;    2.1;   89.29;    5.2;   -0.3;   -0.5;eor
       3379;20181201;   10;   6.2;   2.0;    3;   0.0;   6;    2.400;   0;   7.7;   8.0;  955.76;    5.8;   87.33;    9.6;    3.7;    0.2;eor
       3379;20181202;   10;  13.3;   3.6;    3;   8.1;   6;    0.050;   0;   7.8;   8.7;  948.82;    7.7;   82.00;   11.9;    3.5;    0.7;eor
       3379;20181203;   10;  18.8;   5.7;    3;   1.1;   6;    1.683;   0;   7.9;  10.7;  947.27;   12.0;   76.38;   14.3;    9.8;    7.8;eor
       3379;20181204;   10;  14.7;   4.6;    3;   2.2;   6;    0.400;   0;   6.7;   8.4;  956.98;    7.9;   78.83;   10.6;    3.9;    2.3;eor
       3379;20181205;   10;   6.2;   2.5;    3;   2.3;   6;    0.000;   0;   8.0;   7.4;  962.70;    4.7;   87.17;    6.1;    3.7;    2.2;eor
       3379;20181206;   10;  10.0;   2.9;    3;   0.0;   6;    0.983;   0;   7.8;   9.4;  958.93;    8.3;   85.96;   11.5;    4.0;    3.4;eor
       3379;20181207;   10;  19.1;   4.2;    3;   0.0;   6;    1.117;   0;   7.9;   9.4;  952.73;   11.0;   71.21;   13.5;    8.3;    6.8;eor
       3379;20181208;   10;  22.0;   8.1;    3;   2.8;   8;    3.517;   0;   6.8;   6.2;  950.88;    6.9;   62.71;    8.3;    4.6;    2.7;eor
       3379;20181209;   10;  20.3;   7.6;    3;  15.9;   8;    0.000;   0;   7.8;   7.7;  944.86;    6.2;   81.38;    9.1;    4.2;    2.8;eor
       3379;20181210;   10;  13.7;   5.1;    3;   3.5;   8;    0.083;   0;   7.5;   6.5;  956.80;    2.7;   87.29;    4.7;    0.5;   -0.9;eor
       3379;20181211;   10;  10.8;   4.8;    3;   1.5;   8;    0.633;   0;   7.6;   5.7;  959.34;    1.0;   86.08;    2.1;    0.2;   -1.1;eor
       3379;20181212;   10;   8.3;   2.6;    3;   0.7;   8;    0.000;   1;   7.8;   5.6;  958.89;    0.5;   88.42;    1.2;   -0.4;   -2.1;eor
       3379;20181213;   10;   9.3;   3.9;    3;   0.0;   8;    0.000;   0;   7.9;   4.8;  953.52;   -0.9;   83.04;    0.1;   -2.1;   -2.1;eor
       3379;20181214;   10;   6.6;   2.7;    3;   0.0;   8;    0.000;   0;   8.0;   4.1;  956.32;   -2.2;   78.17;   -1.8;   -2.6;   -2.6;eor
       3379;20181215;   10;   6.5;   2.4;    3;   0.0;   8;    0.000;   0;   6.8;   3.8;  960.23;   -2.2;   72.83;   -1.8;   -4.7;   -7.2;eor
       3379;20181216;   10;   5.9;   1.7;    3;   0.8;   8;    0.000;   0;   7.4;   4.8;  952.75;   -1.6;   85.33;    3.1;   -5.4;   -6.8;eor
       3379;20181217;   10;   6.9;   1.8;    3;   0.2;   6;    0.667;   0;   7.8;   6.0;  960.02;    0.8;   92.25;    4.2;   -2.9;   -6.0;eor
       3379;20181218;   10;   8.1;   2.6;    3;   0.0;   0;    7.250;   0;   4.9;   6.0;  962.62;    2.4;   83.58;    6.4;   -1.2;   -3.1;eor
       3379;20181219;   10;   4.8;   1.4;    3;   1.6;   6;    0.000;   0;   8.0;   5.7;  955.52;    1.3;   84.38;    4.4;   -2.6;   -3.8;eor
       3379;20181220;   10;  12.5;   3.7;    3;   0.0;   6;    5.583;   0;   7.3;   6.6;  956.66;    5.4;   74.92;    8.0;    2.2;    1.2;eor
       3379;20181221;   10;  18.5;   5.4;    3;   3.7;   6;    0.050;   0;   7.8;   7.5;  954.27;    7.5;   70.83;   11.3;    4.4;    3.0;eor
       3379;20181222;   10;  20.2;   7.3;    3;   8.3;   6;    0.067;   0;   7.9;   9.3;  955.52;    9.8;   76.83;   11.7;    7.6;    6.1;eor
       3379;20181223;   10;  17.8;   5.0;    3;  16.5;   8;    0.000;   0;   7.8;   9.2;  959.09;    8.1;   84.63;   11.2;    6.6;    5.3;eor
       3379;20181224;   10;  22.4;   5.2;    3;   3.6;   8;    0.200;   0;   7.7;   7.6;  961.65;    4.8;   87.83;   11.7;    2.0;    0.3;eor
       3379;20181225;   10;   6.4;   2.3;    3;   0.0;   0;    0.000;   0;   6.0;   5.6;  971.23;    0.7;   86.83;    2.2;   -2.1;   -4.3;eor
       3379;20181226;   10;   5.3;   1.5;    3;   0.0;   0;    7.333;   0;   3.8;   4.8;  969.11;   -1.7;   89.25;    1.4;   -3.8;   -4.7;eor
       3379;20181227;   10;   2.6;   0.9;    3;   0.0;   0;    3.500;   0;   7.5;   4.9;  964.96;   -1.9;   92.08;    2.0;   -5.4;   -6.4;eor
       3379;20181228;   10;   4.8;   1.9;    3;   0.0;   0;    6.700;   0;   4.9;   5.0;  965.05;    1.2;   76.21;    5.4;   -1.8;   -3.6;eor
       3379;20181229;   10;  10.9;   3.0;    3;   1.8;   8;    0.133;   0;   7.3;   5.3;  968.55;   -0.1;   87.42;    2.3;   -2.5;   -3.5;eor
       3379;20181230;   10;  12.8;   5.3;    3;   2.4;   6;    0.000;   0;   7.8;   6.7;  968.01;    2.8;   88.83;    3.9;    0.4;   -0.2;eor
       3379;20181231;   10;   8.0;   3.2;    3;   6.7;   6;    0.000;   0;   7.5;   7.4;  969.92;    3.4;   95.13;    4.6;    2.1;    1.5;eor
       3379;20190101;   10;  15.2;   4.8;    3;   1.6;   8;    0.000;   0;   7.9;   7.1;  965.62;    4.1;   86.75;    5.2;    2.7;    1.9;eor
       3379;20190102;   10;  17.0;   6.0;    3;   0.6;   8;    0.650;   0;   7.0;   5.0;  965.45;    0.4;   78.46;    3.2;   -2.1;   -4.8;eor
       3379;20190103;   10;  10.1;   4.1;    3;   0.0;   8;    2.850;   0;   7.4;   3.9;  971.23;   -1.9;   73.25;   -0.6;   -3.1;   -4.4;eor
       3379;20190104;   10;  12.1;   4.2;    3;   5.0;   8;    0.000;   0;   7.7;   4.8;  970.30;   -1.1;   85.25;   -0.3;   -1.7;   -2.2;eor
       3379;20190105;   10;  16.1;   6.5;    3;  22.1;   8;    0.000;   5;   7.6;   5.9;  963.83;    0.0;   95.54;    1.0;   -0.9;   -0.8;eor
       3379;20190106;   10;  10.5;   4.2;    3;   4.7;   8;    0.000;   9;   7.6;   6.4;  965.52;    1.2;   95.79;    1.8;    0.7;   -0.2;eor
       3379;20190107;   10;   9.6;   3.4;    3;   2.0;   8;    0.000;   7;   8.0;   6.3;  967.63;    1.4;   92.63;    2.1;    0.7;   -0.2;eor
       3379;20190108;   10;  18.7;   7.3;    3;   3.9;   8;    0.533;   6;   7.7;   6.1;  954.05;    2.3;   84.67;    4.5;    0.8;   -0.2;eor
       3379;20190109;   10;  16.6;   5.4;    3;  15.8;   8;    0.000;   6;   7.3;   5.5;  948.93;   -0.2;   92.17;    1.8;   -1.5;   -0.2;eor
       3379;20190110;   10;   8.2;   3.4;    3;   3.7;   8;    0.000;  21;   7.5;   5.1;  956.72;   -1.3;   91.88;    0.1;   -3.5;   -0.2;eor
       3379;20190111;   10;  12.7;   3.5;    3;   4.6;   8;    0.033;  22;   7.8;   4.2;  961.07;   -2.6;   82.63;   -1.0;   -4.1;   -0.2;eor
       3379;20190112;   10;  15.1;   6.1;    3;   6.0;   8;    0.050;  25;   7.9;   5.8;  958.05;    1.2;   86.71;    2.9;   -1.1;   -0.2;eor
       3379;20190113;   10;  21.3;   7.4;    3;   8.1;   8;    0.000;  16;   7.9;   6.7;  946.70;    2.9;   88.92;    5.4;    1.4;   -0.2;eor
       3379;20190114;   10;  15.9;   5.6;    3;   6.1;   8;    0.000;   7;   7.4;   6.4;  947.47;    2.2;   89.17;    4.7;   -0.1;   -0.2;eor
       3379;20190115;   10;  12.3;   4.8;    3;   0.0;   7;    0.150;   7;   8.0;   5.1;  958.26;    1.5;   75.67;    3.4;   -0.8;   -0.9;eor
       3379;20190116;   10;   6.1;   2.4;    3;   0.0;   0;    8.083;   6;   6.3;   5.0;  952.65;    2.7;   68.21;    7.5;   -0.9;   -3.1;eor
       3379;20190117;   10;  14.3;   5.0;    3;   1.0;   8;    1.900;   5;   7.7;   5.8;  947.05;    5.0;   66.46;    8.3;    1.9;   -2.7;eor
       3379;20190118;   10;  10.2;   3.1;    3;   0.1;   8;    1.500;   3;   7.4;   4.5;  955.22;   -0.2;   74.58;    2.2;   -2.9;   -7.0;eor
       3379;20190119;   10;   7.2;   2.3;    3;   0.0;   0;    5.817;   3;   6.4;   3.7;  952.89;   -3.2;   78.00;   -0.1;   -6.0;  -10.2;eor
       3379;20190120;   10;   3.7;   1.3;    3;   0.0;   8;    2.667;   3;   6.0;   3.8;  952.42;   -4.4;   85.25;   -1.5;   -8.0;  -10.8;eor
       3379;20190121;   10;   4.3;   1.7;    3;   0.0;   7;    0.000;   3;   8.0;   4.3;  956.18;   -2.8;   85.38;   -1.9;   -3.5;   -4.6;eor
       3379;20190122;   10;   6.5;   2.0;    3;   0.0;   7;    0.017;   3;   8.0;   4.1;  948.13;   -3.5;   87.25;   -1.2;   -5.1;   -4.9;eor
       3379;20190123;   10;   4.4;   1.8;    3;   0.0;   7;    0.000;   3;   8.0;   3.7;  936.70;   -4.1;   83.38;   -3.3;   -5.0;   -4.7;eor
       3379;20190124;   10;   6.5;   1.8;    3;   0.1;   7;    1.750;   3;   7.3;   3.7;  945.08;   -2.8;   74.46;   -0.4;   -4.4;   -5.1;eor
       3379;20190125;   10;   9.7;   3.2;    3;   0.7;   8;    1.017;   4;   7.8;   3.4;  953.07;   -3.8;   74.17;   -2.6;   -4.7;   -7.3;eor
       3379;20190126;   10;  14.4;   5.0;    3;   1.2;   8;    0.000;   5;   7.7;   5.6;  949.18;    1.8;   78.96;    4.7;   -3.1;   -4.1;eor
       3379;20190127;   10;  13.4;   3.2;    3;   0.4;   8;    0.017;   0;   7.9;   6.2;  935.15;    4.1;   75.42;    7.1;    2.1;   -1.3;eor
       3379;20190128;   10;  16.2;   6.5;    3;   0.3;   8;    1.000;   0;   7.6;   5.0;  937.54;    1.8;   71.58;    3.7;    0.2;   -0.5;eor
       3379;20190129;   10;   9.5;   3.4;    3;   0.0;   7;    3.367;   0;   6.3;   4.6;  943.87;    0.2;   74.13;    3.3;   -2.9;   -4.5;eor
       3379;20190130;   10;  11.9;   3.2;    3;   0.0;   0;    0.300;   0;   7.8;   3.8;  936.14;   -0.4;   65.50;    4.3;   -4.6;   -6.6;eor
       3379;20190131;   10;   6.6;   2.2;    3;   0.0;   7;    6.983;   0;   4.0;   3.6;  936.64;    0.2;   59.46;    4.2;   -3.6;   -6.7;eor
       3379;20190201;   10;   5.3;   2.1;    3;   2.9;   6;    0.517;   0;   7.9;   4.5;  930.45;    1.2;   67.17;    2.7;   -0.2;   -1.4;eor
       3379;20190202;   10;   5.7;   1.7;    3;  10.5;   8;    0.000;   0;   8.0;   6.9;  935.20;    3.1;   90.38;    5.9;    0.7;   -0.4;eor
       3379;20190203;   10;   8.2;   3.1;    3;  20.8;   7;    0.000;   1;   7.8;   5.8;  950.05;   -0.1;   95.75;    1.7;   -1.5;   -0.1;eor
       3379;20190204;   10;   6.6;   1.9;    3;   0.0;   7;    4.333;  20;   5.8;   5.0;  965.54;   -1.0;   88.21;    2.3;   -4.5;   -0.9;eor
       3379;20190205;   10;   4.6;   1.7;    3;   0.0;   6;    5.700;  13;   6.5;   4.5;  965.84;   -2.3;   88.58;    2.5;   -3.9;   -1.7;eor
       3379;20190206;   10;   4.1;   1.7;    3;   0.0;   8;    5.467;  10;   7.8;   4.1;  963.90;   -4.2;   90.96;   -1.2;   -6.6;   -2.3;eor
       3379;20190207;   10;   9.9;   1.8;    3;   4.8;   6;    2.383;  10;   7.8;   5.5;  955.57;   -0.3;   88.79;    4.5;   -5.6;   -2.9;eor
       3379;20190208;   10;   6.8;   2.8;    3;   0.0;   0;    8.317;   5;   6.6;   5.6;  956.80;    4.5;   68.96;    9.2;    1.7;   -3.3;eor
       3379;20190209;   10;  16.9;   4.6;    3;   0.4;   6;    5.000;   4;   7.7;   6.2;  952.79;    6.4;   64.38;    9.7;    0.8;   -5.0;eor
       3379;20190210;   10;  22.1;   4.2;    3;   1.8;   8;    4.283;   0;   7.7;   5.9;  944.97;    7.7;   58.67;   15.2;    4.1;    0.7;eor
       3379;20190211;   10;  18.2;   6.1;    3;   6.3;   8;    0.000;   0;   7.1;   5.9;  954.33;    2.0;   83.54;    4.7;    0.0;   -1.3;eor
       3379;20190212;   10;  11.5;   3.9;    3;   0.0;   8;    0.083;   0;   7.5;   4.9;  969.80;    1.4;   73.33;    3.2;   -0.1;   -2.4;eor
       3379;20190213;   10;   5.4;   1.8;    3;   0.0;   0;    8.500;   0;   4.8;   4.7;  973.75;    2.6;   65.33;    8.0;   -0.9;   -3.3;eor
       3379;20190214;   10;   4.4;   1.4;    3;   0.0;   0;    8.717;   0;   4.3;   5.1;  973.49;    3.5;   68.46;   11.3;   -1.5;   -3.5;eor
       3379;20190215;   10;   5.8;   2.0;    3;   0.0;   0;    9.883;   0;   1.1;   5.5;  970.77;    4.1;   69.88;   12.6;   -1.4;   -4.1;eor
       3379;20190216;   10;   5.8;   1.6;    3;   0.0;   0;    9.833;   0;   1.8;   4.9;  966.82;    5.5;   60.29;   15.8;   -2.1;   -4.7;eor
       3379;20190217;   10;   4.9;   1.7;    3;   0.0;   0;   10.183;   0;   2.1;   4.3;  963.69;    6.6;   49.88;   17.3;   -1.7;   -4.7;eor
       3379;20190218;   10;   4.0;   1.4;    3;   0.0;   0;   10.150;   0;   0.0;   4.7;  959.21;    4.9;   57.79;   14.8;   -1.8;   -5.4;eor
       3379;20190219;   10;  10.4;   2.7;    3;   0.1;   6;    5.967;   0;   6.2;   6.1;  958.80;    7.2;   60.17;   12.8;    1.0;   -2.9;eor
       3379;20190220;   10;   5.7;   1.4;    3;   0.0;   0;    1.250;   0;   7.9;   7.5;  962.29;    7.0;   74.67;   10.0;    5.0;    1.3;eor
       3379;20190221;   10;   7.2;   2.3;    3;   2.0;   6;    4.650;   0;   7.0;   7.3;  965.68;    8.4;   67.38;   12.8;    4.1;    0.5;eor
       3379;20190222;   10;   8.8;   3.3;    3;   0.8;   6;    0.367;   0;   7.1;   8.5;  970.24;    7.3;   83.04;    9.8;    2.7;    0.5;eor
       3379;20190223;   10;  10.4;   3.8;    3;   0.0;   0;    9.850;   0;   2.5;   3.5;  975.07;    1.4;   53.29;    5.7;   -1.7;   -3.8;eor
       3379;20190224;   10;   6.2;   2.4;    3;   0.0;   0;    6.583;   0;   3.3;   3.3;  974.40;    1.4;   48.58;    6.5;   -3.2;   -5.8;eor
       3379;20190225;   10;   6.2;   1.9;    3;   0.0;   0;    9.967;   0;   3.2;   5.6;  973.97;    5.1;   62.71;   13.6;   -1.7;   -4.5;eor
       3379;20190226;   10;   4.5;   1.5;    3;   0.0;   0;    9.450;   0;   6.8;   6.5;  970.91;    7.5;   66.63;   16.0;   -0.1;   -3.0;eor
       3379;20190227;   10;   5.0;   1.5;    3;   0.0;   0;   10.517;   0;   2.0;   5.9;  965.08;    9.3;   54.04;   17.7;    2.1;   -1.3;eor
       3379;20190228;   10;  17.0;   5.0;    3;   1.1;   6;   10.367;   0;   1.7;   6.2;  956.54;   11.6;   47.17;   18.1;    3.3;   -1.0;eor
       3379;20190301;    3;  18.1;   5.0;    3;   3.7;   6;    0.000;   0;   7.7;   8.2;  953.90;    7.3;   80.58;    9.8;    6.2;    5.2;eor
       3379;20190302;    3;  10.0;   3.7;    3;   0.0;   6;    0.167;   0;   7.7;   7.5;  956.21;    6.7;   76.54;    9.2;    5.2;    3.9;eor
       3379;20190303;    3;  14.6;   4.6;    3;   0.0;   0;    7.200;   0;   7.6;   6.9;  953.40;   10.2;   57.08;   14.2;    7.0;    5.2;eor
       3379;20190304;    3;  23.9;   6.4;    3;   1.7;   6;    4.217;   0;   7.2;   5.8;  943.47;    9.1;   51.92;   16.9;    4.5;    1.9;eor
       3379;20190305;    3;  18.7;   6.2;    3;   4.8;   6;    3.567;   0;   6.4;   6.1;  950.17;    5.9;   67.42;    9.6;    3.8;    1.5;eor
       3379;20190306;    3;   8.4;   3.0;    3;   0.0;   0;    6.183;   0;   7.5;   7.0;  947.69;    8.4;   65.63;   13.6;    2.9;    0.4;eor
       3379;20190307;    3;  15.9;   4.2;    3;   1.0;   6;    3.250;   0;   6.9;   6.9;  943.68;    9.3;   59.67;   12.6;    7.2;    4.4;eor
       3379;20190308;    3;  16.0;   5.2;    3;   0.0;   6;    4.967;   0;   6.6;   6.2;  954.20;    7.6;   59.50;   10.2;    5.6;    3.2;eor
       3379;20190309;    3;  20.9;   7.1;    3;   3.5;   6;    0.233;   0;   7.7;   7.5;  956.15;    9.0;   64.92;   11.4;    6.1;    4.1;eor
       3379;20190310;    3;  24.6;   7.8;    3;   3.2;   8;    1.467;   0;   6.7;   8.7;  951.21;   10.1;   70.13;   14.1;    4.4;    2.4;eor
       3379;20190311;    3;  21.7;   6.1;    3;   4.8;   8;    1.583;   0;   5.2;   5.3;  957.72;    2.4;   73.79;    5.1;   -0.3;   -0.6;eor
       3379;20190312;    3;  12.3;   4.3;    3;   0.0;   6;    7.183;   0;   6.5;   4.4;  958.45;    5.0;   52.00;    9.6;    1.4;    0.3;eor
       3379;20190313;    3;  19.6;   6.4;    3;   1.1;   8;    6.000;   0;   6.1;   5.6;  950.34;    5.9;   61.50;   10.7;    3.3;    2.4;eor
       3379;20190314;    3;  19.8;   7.3;    3;   3.8;   6;    0.000;   0;   7.7;   6.5;  948.30;    4.4;   77.75;    6.1;    3.0;    1.9;eor
       3379;20190315;    3;  20.3;   6.9;    3;   9.9;   6;    0.000;   0;   7.4;   8.5;  949.09;    7.1;   83.92;   10.5;    4.0;    2.4;eor
       3379;20190316;    3;  19.7;   7.3;    3;   0.0;   6;    4.283;   0;   6.3;   7.8;  951.24;   11.9;   56.83;   16.0;    9.4;    7.2;eor
       3379;20190317;    3;  21.5;   5.3;    3;   3.8;   6;    9.600;   0;   6.2;   5.5;  947.08;   11.0;   46.50;   19.3;    3.2;    2.1;eor
       3379;20190318;    3;  12.3;   3.9;    3;   0.0;   8;    2.167;   0;   6.6;   5.8;  956.96;    3.8;   73.71;    7.1;    1.7;   -0.4;eor
       3379;20190319;    3;   8.0;   2.0;    3;   0.0;   0;    5.600;   0;   5.1;   5.3;  964.25;    3.6;   68.79;    7.9;    0.8;   -2.3;eor
       3379;20190320;    3;   6.7;   1.8;    3;   0.0;   0;   10.267;   0;   1.2;   4.5;  970.40;    4.2;   57.71;    9.7;   -1.4;   -4.8;eor
       3379;20190321;    3;  10.3;   3.1;    3;   0.0;   0;   11.800;   0;   2.8;   4.6;  969.82;    6.0;   52.21;   12.8;   -1.2;   -4.5;eor
       3379;20190322;    3;   6.3;   1.9;    3;   0.0;   0;   10.617;   0;   3.1;   5.7;  967.23;    8.4;   53.71;   16.3;    0.3;   -3.3;eor
       3379;20190323;    3;   6.6;   1.9;    3;   0.0;   0;   11.633;   0;   2.1;   6.6;  964.86;   10.9;   54.04;   18.7;    2.6;   -0.8;eor
       3379;20190324;    3;  11.5;   2.5;    3;   0.0;   0;   11.050;   0;   1.0;   7.4;  960.54;   10.8;   59.58;   18.1;    3.3;   -0.1;eor
       3379;20190325;    3;  18.6;   4.7;    3;   1.4;   8;    4.667;   0;   7.0;   6.4;  958.47;    5.8;   69.92;    9.8;    1.8;    0.5;eor
       3379;20190326;    3;   9.0;   2.8;    3;   1.0;   8;    2.717;   0;   7.4;   5.3;  965.38;    4.4;   65.29;    8.3;    1.2;   -0.4;eor
       3379;20190327;    3;   7.3;   1.5;    3;   0.3;   8;    0.067;   0;   7.9;   6.4;  968.48;    4.8;   74.96;    7.5;    1.7;    1.5;eor
       3379;20190328;    3;   7.7;   2.5;    3;   0.0;   0;    4.783;   0;   7.9;   7.0;  969.70;    8.7;   63.29;   12.8;    4.9;    3.5;eor
       3379;20190329;    3;   8.9;   3.0;    3;   0.0;   0;   10.833;   0;   1.8;   7.8;  967.06;    9.4;   68.46;   15.2;    4.0;    0.9;eor
       3379;20190330;    3;   6.2;   1.5;    3;   0.0;   0;   11.917;   0;   4.0;   6.9;  961.72;   10.4;   59.04;   18.3;    2.7;    0.0;eor
       3379;20190331;    3;   8.5;   2.2;    3;   0.0;   0;   11.733;   0;   0.5;   6.6;  958.15;   11.5;   52.67;   18.4;    3.4;    0.9;eor
       3379;20190401;    3;   9.9;   3.4;    3;   0.0;   0;   11.300;   0;   1.7;   7.9;  955.94;   10.5;   63.54;   15.9;    5.3;    2.5;eor
       3379;20190402;    3;   8.0;   2.1;    3;   0.0;   0;    9.200;   0;   7.6;   7.1;  949.35;   13.2;   50.63;   21.3;    3.9;    1.2;eor
       3379;20190403;    3;  13.2;   3.4;    3;   0.0;   0;    6.450;   0;   6.8;   6.5;  941.20;   13.5;   44.92;   20.9;    4.8;    3.5;eor
       3379;20190404;    3;  14.4;   4.1;    3;   0.0;   0;    5.800;   0;   6.7;   7.0;  937.63;    6.3;   73.25;   12.2;    2.9;    0.9;eor
       3379;20190405;    3;   7.0;   2.2;    3;   0.0;   0;    0.983;   0;   6.3;   7.0;  942.98;    5.7;   76.88;    9.3;    3.3;    2.1;eor
       3379;20190406;    3;  11.4;   2.8;    3;   0.0;   0;    8.367;   0;   6.3;   8.2;  942.43;   10.5;   66.00;   16.8;    5.2;    2.9;eor
       3379;20190407;    3;   8.4;   2.1;    3;   0.0;   6;    9.083;   0;   6.3;   8.4;  943.00;   10.6;   66.21;   16.5;    5.0;    2.3;eor
       3379;20190408;    3;   8.7;   3.1;    3;   0.9;   6;    0.000;   0;   7.9;   9.5;  948.45;    9.5;   80.13;   11.5;    8.2;    7.7;eor
       3379;20190409;    3;   7.8;   2.3;    3;   0.0;   6;    3.183;   0;   7.6;   9.8;  947.48;   11.8;   71.88;   16.6;    8.5;    7.6;eor
       3379;20190410;    3;   6.8;   2.2;    3;   1.1;   6;    0.000;   0;   7.7;   9.5;  948.03;    9.8;   78.63;   12.0;    8.0;    6.6;eor
       3379;20190411;    3;   8.0;   3.3;    3;   0.0;   6;    0.667;   0;   7.9;   6.9;  953.85;    7.4;   66.54;   10.9;    4.6;    4.4;eor
       3379;20190412;    3;   8.4;   3.4;    3;   0.0;   0;    0.000;   0;   8.0;   5.1;  956.50;    5.6;   55.75;    8.5;    2.4;    1.8;eor
       3379;20190413;    3;   8.2;   3.2;    3;   0.0;   0;    5.767;   0;   7.8;   4.9;  955.47;    6.2;   53.04;   11.1;    2.6;    2.2;eor
       3379;20190414;    3;  10.7;   3.1;    3;   0.0;   6;    2.800;   0;   7.9;   5.5;  956.02;    6.3;   58.08;    9.7;    3.2;    2.4;eor
       3379;20190415;    3;  11.1;   3.3;    3;   0.0;   0;    7.700;   0;   3.7;   6.9;  959.14;    9.0;   62.46;   14.8;    5.0;    2.5;eor
       3379;20190416;    3;   6.5;   1.8;    3;   0.0;   0;   10.283;   0;   4.0;   6.5;  955.97;   10.9;   51.71;   18.7;    2.5;   -0.7;eor
       3379;20190417;    3;  10.0;   2.9;    3;   0.0;   0;   13.200;   0;   5.7;   6.5;  959.95;   12.8;   47.42;   19.0;    7.0;    4.2;eor
       3379;20190418;    3;  11.4;   3.8;    3;   0.0;   0;   13.100;   0;   1.3;   7.5;  961.47;   13.3;   51.96;   20.5;    4.9;    1.9;eor
       3379;20190419;    3;   9.4;   3.1;    3;   0.0;   0;   13.483;   0;   0.0;   6.8;  964.88;   14.5;   44.96;   22.3;    5.5;    2.9;eor
       3379;20190420;    3;   9.8;   2.7;    3;   0.0;   0;   13.583;   0;   0.0;   6.3;  964.32;   14.4;   42.04;   22.4;    5.9;    2.8;eor
       3379;20190421;    3;  10.0;   3.1;    3;   0.0;   0;   13.567;   0;   0.0;   5.5;  957.73;   14.6;   37.25;   23.2;    4.6;    1.4;eor
       3379;20190422;    3;  13.0;   4.0;    3;   0.0;   0;   12.417;   0;   6.2;   6.6;  947.63;   15.7;   39.58;   23.8;    6.5;    3.7;eor
       3379;20190423;    3;  11.3;   3.3;    3;   0.0;   0;    4.433;   0;   7.3;   8.5;  939.85;   16.1;   48.75;   23.6;    9.8;    8.0;eor
       3379;20190424;    3;  11.9;   3.6;    3;   0.0;   0;    8.817;   0;   5.9;   7.1;  943.80;   19.4;   34.63;   28.1;   10.5;    8.0;eor
       3379;20190425;    3;  11.2;   3.6;    3;   0.0;   0;   10.467;   0;   4.9;   7.5;  949.23;   18.6;   39.75;   26.4;    9.8;    7.0;eor
       3379;20190426;    3;  13.4;   4.3;    3;   4.0;   6;    2.600;   0;   6.5;   8.2;  952.78;    9.6;   70.04;   17.1;    6.3;    5.4;eor
       3379;20190427;    3;  14.9;   4.1;    3;   4.7;   6;    4.000;   0;   7.5;   8.2;  955.69;    9.4;   71.63;   15.0;    5.6;    4.5;eor
       3379;20190428;    3;  13.4;   3.4;    3;   0.0;   6;    5.233;   0;   7.6;   6.4;  957.77;    7.2;   64.17;   11.0;    3.9;    2.8;eor
       3379;20190429;    3;  10.4;   2.9;    3;   9.1;   6;    0.033;   0;   7.8;   8.0;  958.04;    6.8;   80.92;    9.7;    4.8;    3.1;eor
       3379;20190430;    3;  10.2;   4.1;    3;   1.2;   6;    1.717;   0;   7.4;   8.7;  956.25;    8.9;   77.83;   13.0;    5.8;    5.2;eor
       3379;20190501;    3;   6.1;   1.9;    3;   0.0;   0;   13.283;-999;   0.8;   7.6;  954.14;   11.6;   59.75;   18.9;    4.7;    2.3;eor
       3379;20190502;    3;  13.4;   3.9;    3;  10.6;   6;   12.083;-999;   3.8;   7.8;  948.88;   14.0;   52.04;   21.0;    7.4;    4.8;eor
       3379;20190503;    3;   9.0;   3.0;    3;   4.7;   6;    0.083;-999;   7.9;   9.9;  949.15;    9.1;   85.67;   11.0;    7.3;    5.6;eor
       3379;20190504;    3;  16.2;   3.6;    3;   3.2;   6;    4.467;-999;   5.8;   7.8;  946.12;    6.6;   80.92;   14.4;    2.5;    1.9;eor
       3379;20190505;    3;  10.5;   2.7;    3;   0.1;   8;    1.250;-999;   7.8;   5.9;  953.41;    4.5;   71.29;    8.1;    2.1;    1.9;eor
       3379;20190506;    3;   8.6;   2.5;    3;   0.0;   6;    2.967;-999;   7.8;   5.4;  957.35;    6.1;   58.42;    9.6;    2.8;    1.5;eor
       3379;20190507;    3;   6.9;   2.2;    3;   0.0;   0;   11.717;-999;   4.5;   5.8;  955.80;    8.7;   53.83;   14.5;    2.2;    0.0;eor
       3379;20190508;    3;  13.1;   2.4;    3;   2.1;   6;    1.400;-999;   7.8;   8.0;  946.10;   11.8;   59.00;   17.4;    5.8;    3.8;eor
       3379;20190509;    3;  16.6;   4.6;    3;   0.1;   6;    7.950;-999;   6.3;   8.5;  943.46;   12.5;   61.17;   18.0;    7.1;    5.1;eor
       3379;20190510;    3;  11.2;   3.4;    3;   1.2;   6;    6.133;-999;   6.4;   9.3;  950.63;   12.2;   66.46;   16.5;    8.3;    5.8;eor
       3379;20190511;    3;  14.1;   4.1;    3;  12.3;   6;    0.717;-999;   7.8;   9.8;  951.55;   11.7;   71.21;   16.5;    7.4;    6.8;eor
       3379;20190512;    3;  11.0;   3.1;    3;  12.0;   6;    0.000;-999;   7.5;   8.7;  964.37;    6.4;   90.38;    7.8;    4.5;    4.3;eor
       3379;20190513;    3;   8.2;   2.8;    3;   0.0;   0;    5.450;-999;   6.5;   6.6;  969.57;    9.3;   59.17;   14.4;    5.5;    4.1;eor
       3379;20190514;    3;  14.0;   3.5;    3;   0.5;   6;    9.617;-999;   4.9;   5.9;  964.77;    7.6;   57.54;   13.1;    3.2;    1.2;eor
       3379;20190515;    3;   6.3;   2.0;    3;   0.0;   6;    0.133;-999;   7.9;   6.6;  959.44;    6.8;   67.50;    9.5;    4.4;    3.6;eor
       3379;20190516;    3;   5.3;   2.1;    3;   0.0;   0;    0.483;-999;   7.5;   8.0;  952.63;    8.3;   73.79;   12.1;    4.5;    3.3;eor
       3379;20190517;    3;   7.6;   3.0;    3;   0.0;   0;   10.617;-999;   2.8;   9.4;  945.90;   13.2;   64.46;   20.4;    5.5;    3.7;eor
       3379;20190518;    3;   8.1;   2.5;    3;   0.0;   0;   10.767;-999;   3.8;   9.7;  943.79;   14.8;   60.71;   21.2;    7.6;    5.7;eor
       3379;20190519;    3;   9.1;   2.6;    3;  18.8;   6;   10.700;-999;   6.3;  11.0;  942.24;   15.6;   64.75;   23.1;    8.5;    6.4;eor
       3379;20190520;    3;  12.6;   3.6;    3;  71.2;   6;    0.000;-999;   7.7;  13.4;  942.00;   12.3;   93.38;   14.6;   11.3;   10.7;eor
       3379;20190521;    3;  14.6;   6.2;    3;  21.2;   6;    0.000;-999;   7.5;  12.3;  948.02;   11.2;   92.25;   12.3;   10.5;    9.9;eor
       3379;20190522;    3;   9.6;   3.7;    3;   0.0;   6;    0.250;-999;   7.4;  11.8;  956.40;   11.8;   85.88;   14.7;    8.8;    7.3;eor
       3379;20190523;    3;   6.7;   1.8;    3;   0.0;   0;   12.983;-999;   5.2;   9.2;  957.59;   12.9;   65.58;   19.1;    7.6;    6.1;eor
       3379;20190524;    3;   6.4;   1.6;    3;   0.0;   0;   13.817;-999;   4.1;   9.3;  954.02;   15.1;   59.13;   22.3;    6.3;    4.8;eor
       3379;20190525;    3;  10.4;   2.3;    3;   1.0;   6;    7.650;-999;   7.5;  11.4;  954.03;   16.1;   64.54;   21.5;   10.5;    8.8;eor
       3379;20190526;    3;   6.8;   2.2;    3;   0.0;   0;    7.550;-999;   5.2;  11.7;  954.63;   16.2;   66.04;   21.9;   12.1;   10.5;eor
       3379;20190527;    3;   5.6;   1.9;    3;  15.8;   6;    5.167;-999;   5.9;  12.3;  949.70;   15.5;   71.83;   20.8;   11.2;    9.3;eor
       3379;20190528;    3;  11.9;   2.8;    3;  16.4;   6;    0.000;-999;   7.7;  12.8;  947.63;   12.3;   88.63;   14.1;    9.5;    9.0;eor
       3379;20190529;    3;  10.0;   2.8;    3;   0.3;   6;    1.667;-999;   8.0;  10.7;  957.61;   11.6;   78.96;   15.5;    9.4;    8.8;eor
       3379;20190530;    3;   6.5;   2.0;    3;   0.0;   0;    8.617;-999;   5.0;   9.3;  964.16;   13.8;   62.38;   19.5;    8.6;    7.1;eor
       3379;20190531;    3;   5.8;   2.0;    3;   0.0;   0;    2.600;-999;   6.8;  11.5;  964.50;   15.7;   64.83;   21.1;   11.7;    9.9;eor
       3379;20190601;    3;   7.1;   2.0;    3;   0.0;   0;   14.683;-999;   4.1;  12.4;  961.65;   18.3;   62.75;   25.1;    9.7;    8.2;eor
       3379;20190602;    3;  11.3;   2.7;    3;   0.0;   0;   15.333;-999;   4.1;  13.2;  957.63;   20.8;   57.88;   28.1;   12.4;   10.8;eor
       3379;20190603;    3;  14.7;   2.2;    3;   0.3;   6;   13.767;-999;   1.5;  12.9;  955.23;   21.8;   54.79;   29.8;   12.8;   10.6;eor
       3379;20190604;    1;   9.3;   2.5;    1;   0.0;   0;   14.633;-999;   1.1;  14.0;  952.23;   21.9;   57.42;   29.4;   14.4;   12.6;eor
       3379;20190605;    1;   8.6;   2.5;    1;   0.0;   0;   14.550;-999;   0.3;  13.8;  947.10;   22.8;   52.96;   29.7;   14.3;   12.3;eor
       3379;20190606;    1;  13.2;   3.6;    1;   0.0;   6;    1.850;-999;   6.5;  13.3;  951.36;   17.5;   66.46;   21.4;   12.4;   11.5;eor
       3379;20190607;    1;  16.0;   3.5;    1;   0.0;   0;   14.583;-999;   1.5;  13.4;  952.11;   19.8;   59.79;   28.1;   10.6;    9.2;eor
       3379;20190608;    1;   9.8;   3.1;    1;   0.0;   0;    7.533;-999;   5.7;   8.6;  962.38;   17.4;   44.29;   22.3;   14.5;   12.7;eor
       3379;20190609;    1;   9.7;   2.7;    1;   0.5;   6;    9.933;-999;   5.5;  11.4;  959.96;   19.3;   51.96;   26.6;   10.7;    9.3;eor
       3379;20190610;    1;  23.0;   2.6;    1;  18.8;   8;    6.567;-999;   6.3;  15.8;  952.85;   18.2;   77.54;   26.8;   14.7;   13.7;eor
       3379;20190611;    1;  10.9;   3.1;    1;   0.0;   6;    3.167;-999;   7.6;  16.2;  949.61;   17.7;   80.42;   23.3;   13.0;   12.5;eor
       3379;20190612;    1;  14.9;   2.9;    1;   0.0;   6;    1.783;-999;   7.0;  14.6;  949.91;   16.0;   80.42;   20.0;   12.8;   11.5;eor
       3379;20190613;    1;   7.2;   1.9;    1;   0.0;   0;   14.150;-999;   1.9;  12.7;  954.46;   18.5;   61.71;   24.6;   12.1;   10.5;eor
       3379;20190614;    1;  11.1;   3.0;    1;   0.0;   0;   11.900;-999;   3.5;  16.0;  954.34;   23.0;   59.46;   30.8;   13.0;   11.4;eor
       3379;20190615;    1;  20.8;   3.4;    1;   6.7;   6;    7.817;-999;   5.5;  15.8;  953.36;   22.1;   60.58;   26.3;   14.1;   13.8;eor
       3379;20190616;    1;   7.9;   2.9;    1;   0.0;   6;    2.050;-999;  -999;  14.6;  959.96;   16.8;   77.25;   22.2;   13.8;   12.4;eor
       3379;20190617;    1;   9.5;   3.0;    1;   0.0;   0;   13.767;-999;  -999;  14.8;  958.35;   19.7;   66.75;   26.0;   12.3;   10.8;eor
       3379;20190618;    1;   9.0;   2.0;    1;   0.0;   0;   14.117;-999;   2.8;  14.9;  954.74;   22.0;   59.08;   28.9;   14.0;   12.6;eor
       3379;20190619;    1;  11.1;   2.1;    1;   1.5;   6;   11.917;-999;   3.6;  12.8;  951.65;   23.9;   46.08;   30.7;   17.2;   16.4;eor
       3379;20190620;    1;  15.8;   2.5;    1;  18.2;   6;    2.967;-999;   6.5;  16.0;  953.89;   19.1;   73.79;   25.1;   15.0;   14.1;eor
       3379;20190621;    1;   6.8;   2.1;    1;   8.4;   6;    7.567;-999;   6.9;  16.3;  956.95;   19.1;   75.46;   25.3;   14.2;   12.9;eor
       3379;20190622;    1;  13.7;   2.7;    1;  14.2;   6;    4.200;-999;   7.8;  16.9;  955.73;   18.5;   80.79;   24.6;   14.7;   13.8;eor
       3379;20190623;    1;   6.1;   2.0;    1;   0.1;   6;    4.333;-999;   6.3;  17.3;  957.57;   19.1;   79.25;   23.6;   15.5;   14.6;eor
       3379;20190624;    1;  10.6;   3.6;    1;   0.0;   0;   14.883;-999;   1.8;  17.3;  959.76;   22.3;   66.50;   28.8;   16.2;   14.4;eor
       3379;20190625;    1;   5.2;   2.0;    1;   0.0;   0;   14.750;-999;   3.0;  18.3;  960.38;   24.5;   62.46;   32.6;   15.7;   14.0;eor
       3379;20190626;    1;   5.2;   1.7;    1;   0.0;   0;   14.650;-999;   2.1;  19.4;  962.49;   27.0;   58.54;   34.5;   18.2;   16.7;eor
       3379;20190627;    1;   9.8;   2.9;    1;   0.0;   0;   14.200;-999;   0.5;  19.6;  961.52;   26.8;   56.17;   32.8;   19.1;   16.0;eor
       3379;20190628;    1;   7.3;   2.0;    1;   0.0;   0;   15.583;-999;   0.0;  11.4;  961.14;   22.3;   44.00;   28.7;   15.2;   13.0;eor
       3379;20190629;    1;   9.6;   2.7;    1;   0.0;   0;   15.633;-999;   0.0;  13.6;  959.15;   22.9;   52.71;   30.0;   14.8;   13.0;eor
       3379;20190630;    1;  11.7;   3.0;    1;   0.0;   0;   15.250;-999;   1.0;  14.7;  956.78;   26.6;   46.67;   35.2;   15.2;   13.6;eor
       3379;20190701;    1;  15.9;   3.4;    1;   5.9;   8;    5.767;-999;   6.6;  17.4;  956.80;   24.4;   58.04;   32.9;   18.8;   17.3;eor
       3379;20190702;    1;   9.0;   2.4;    1;   0.0;   0;    7.533;-999;   6.2;  15.4;  958.47;   21.3;   62.33;   25.7;   16.3;   14.0;eor
       3379;20190703;    1;   6.8;   2.1;    1;   0.0;   0;   13.467;-999;   5.1;  11.8;  959.40;   19.7;   52.42;   25.0;   14.7;   12.7;eor
